nfp stellsym order
2 True 2
Degrees of freedom
[[[7.931628473986104, -1.1850949338027505, 3.7487488983941373, 0.5165822451618146, 0.7929661111862057], [3.2796505417062183, -0.01676849505375489, 1.4944604081402555, -1.0445241705072117, -0.42853752053640687], [0.656777220604382, -3.6539927481178536, 0.9270198338996858, -1.906585510921009, -0.20980811105935146]], [[2.629474521194274, 0.3840361643201812, 2.0880285173960904, -0.44212491131878173, -0.5072104162317782], [7.847458321210677, 0.17665805827105074, 2.6175820084767536, 1.4249015429150815, -0.6874570250224553], [0.9350647850756674, -3.016102843226931, 2.7644363069077973, 1.3393542509354057, 0.7921649838226165]]]
Currents degrees of freedom
[3.9899999999999998, 5.064372649734205]

nfp stellsym order
2 True 2
Degrees of freedom
[[[5.827356774203457, 0.021639372934040606, 4.001080417053626, -0.21017881542733893, -2.6042507927270186], [3.757231825155365, -0.046190868229035266, 0.19650713894244373, -0.1976713758676098, 1.5479128943261027], [-0.05373947278997729, -1.9225414193157218, 0.043275388067007904, 0.3675082768385096, -0.052552000455747455]], [[3.5160928622048493, 0.43930147648923024, 0.256027620838689, -1.4921629604877449, 0.30908768037315165], [6.35036107318324, -0.4390634806594144, 3.564235748019572, 0.5180068279886058, 1.0574292260978038], [0.16476186500966966, -2.566130910961114, -0.5847157533490462, -1.5169869210630762, -0.6237557104856987]]]
Currents degrees of freedom
[3.9899999999999998, 5.7884960527114995]

