nfp stellsym order
4 True 4
Degrees of freedom
[[[ 1.02375614e+01  1.20963892e-01  1.48471147e+00 -1.47755409e-02
    1.46710865e-01 -9.57489697e-02  3.25340448e-03  4.31646269e-02
   -5.05502493e-03]
  [ 1.61142363e+00 -4.36312036e-01  1.11766336e+00  6.69237676e-01
   -5.75618737e-02  1.48108937e-01 -2.54049948e-02  2.68562826e-02
   -6.17390770e-02]
  [-2.10178259e-01 -1.63191320e+00  8.57037372e-03 -2.06777623e-02
    2.40351882e-02  3.71036880e-02 -2.64734678e-02  4.23155538e-02
    1.11156686e-02]]

 [[ 9.49419384e+00  3.89765386e-02  1.29028525e+00 -3.81799978e-01
    3.42814231e-02 -3.96716751e-02  6.54289808e-02 -5.07219094e-02
    5.33760795e-02]
  [ 4.24593662e+00 -3.61677747e-01 -4.80383677e-01  7.13410340e-01
    4.72382752e-02  2.93602532e-01  1.02690220e-01  3.03062991e-03
    5.98616746e-02]
  [ 1.64409581e-01 -1.02863135e+00 -1.56171425e-02  2.10206317e-02
   -1.49818832e-01  8.57906763e-03  5.41894027e-02  5.08798826e-02
   -9.10107130e-02]]

 [[ 8.42870482e+00  9.05997407e-02  2.37917492e+00 -3.67548994e-01
    1.28733408e-02 -1.10086600e-01 -3.87860484e-02 -3.37024086e-02
    8.52551452e-03]
  [ 5.92315339e+00 -1.83634493e-01  3.84190817e-01  5.70467421e-01
    6.48141990e-02  1.96019258e-01 -1.12782579e-02  5.39731327e-02
    1.74970526e-02]
  [-1.28664285e-01 -2.30951035e+00 -2.91725173e-02 -8.98420893e-02
    3.50361143e-02 -8.26918862e-03  1.55964640e-02 -5.97419034e-02
   -7.86836306e-03]]]
Fourier coefficients
[[[ 1.02375614e+01  1.20963892e-01  1.48471147e+00 -1.47755409e-02
    1.46710865e-01 -9.57489697e-02  3.25340448e-03  4.31646269e-02
   -5.05502493e-03]
  [ 1.61142363e+00 -4.36312036e-01  1.11766336e+00  6.69237676e-01
   -5.75618737e-02  1.48108937e-01 -2.54049948e-02  2.68562826e-02
   -6.17390770e-02]
  [-2.10178259e-01 -1.63191320e+00  8.57037372e-03 -2.06777623e-02
    2.40351882e-02  3.71036880e-02 -2.64734678e-02  4.23155538e-02
    1.11156686e-02]]

 [[ 9.49419384e+00  3.89765386e-02  1.29028525e+00 -3.81799978e-01
    3.42814231e-02 -3.96716751e-02  6.54289808e-02 -5.07219094e-02
    5.33760795e-02]
  [ 4.24593662e+00 -3.61677747e-01 -4.80383677e-01  7.13410340e-01
    4.72382752e-02  2.93602532e-01  1.02690220e-01  3.03062991e-03
    5.98616746e-02]
  [ 1.64409581e-01 -1.02863135e+00 -1.56171425e-02  2.10206317e-02
   -1.49818832e-01  8.57906763e-03  5.41894027e-02  5.08798826e-02
   -9.10107130e-02]]

 [[ 8.42870482e+00  9.05997407e-02  2.37917492e+00 -3.67548994e-01
    1.28733408e-02 -1.10086600e-01 -3.87860484e-02 -3.37024086e-02
    8.52551452e-03]
  [ 5.92315339e+00 -1.83634493e-01  3.84190817e-01  5.70467421e-01
    6.48141990e-02  1.96019258e-01 -1.12782579e-02  5.39731327e-02
    1.74970526e-02]
  [-1.28664285e-01 -2.30951035e+00 -2.91725173e-02 -8.98420893e-02
    3.50361143e-02 -8.26918862e-03  1.55964640e-02 -5.97419034e-02
   -7.86836306e-03]]

 [[ 1.02375614e+01  1.20963892e-01  1.48471147e+00 -1.47755409e-02
    1.46710865e-01 -9.57489697e-02  3.25340448e-03  4.31646269e-02
   -5.05502493e-03]
  [-1.61142363e+00  4.36312036e-01 -1.11766336e+00 -6.69237676e-01
    5.75618737e-02 -1.48108937e-01  2.54049948e-02 -2.68562826e-02
    6.17390770e-02]
  [ 2.10178259e-01  1.63191320e+00 -8.57037372e-03  2.06777623e-02
   -2.40351882e-02 -3.71036880e-02  2.64734678e-02 -4.23155538e-02
   -1.11156686e-02]]

 [[ 9.49419384e+00  3.89765386e-02  1.29028525e+00 -3.81799978e-01
    3.42814231e-02 -3.96716751e-02  6.54289808e-02 -5.07219094e-02
    5.33760795e-02]
  [-4.24593662e+00  3.61677747e-01  4.80383677e-01 -7.13410340e-01
   -4.72382752e-02 -2.93602532e-01 -1.02690220e-01 -3.03062991e-03
   -5.98616746e-02]
  [-1.64409581e-01  1.02863135e+00  1.56171425e-02 -2.10206317e-02
    1.49818832e-01 -8.57906763e-03 -5.41894027e-02 -5.08798826e-02
    9.10107130e-02]]

 [[ 8.42870482e+00  9.05997407e-02  2.37917492e+00 -3.67548994e-01
    1.28733408e-02 -1.10086600e-01 -3.87860484e-02 -3.37024086e-02
    8.52551452e-03]
  [-5.92315339e+00  1.83634493e-01 -3.84190817e-01 -5.70467421e-01
   -6.48141990e-02 -1.96019258e-01  1.12782579e-02 -5.39731327e-02
   -1.74970526e-02]
  [ 1.28664285e-01  2.30951035e+00  2.91725173e-02  8.98420893e-02
   -3.50361143e-02  8.26918862e-03 -1.55964640e-02  5.97419034e-02
    7.86836306e-03]]

 [[-1.61142363e+00  4.36312036e-01 -1.11766336e+00 -6.69237676e-01
    5.75618737e-02 -1.48108937e-01  2.54049948e-02 -2.68562826e-02
    6.17390770e-02]
  [ 1.02375614e+01  1.20963892e-01  1.48471147e+00 -1.47755409e-02
    1.46710865e-01 -9.57489697e-02  3.25340448e-03  4.31646269e-02
   -5.05502493e-03]
  [-2.10178259e-01 -1.63191320e+00  8.57037372e-03 -2.06777623e-02
    2.40351882e-02  3.71036880e-02 -2.64734678e-02  4.23155538e-02
    1.11156686e-02]]

 [[-4.24593662e+00  3.61677747e-01  4.80383677e-01 -7.13410340e-01
   -4.72382752e-02 -2.93602532e-01 -1.02690220e-01 -3.03062991e-03
   -5.98616746e-02]
  [ 9.49419384e+00  3.89765386e-02  1.29028525e+00 -3.81799978e-01
    3.42814231e-02 -3.96716751e-02  6.54289808e-02 -5.07219094e-02
    5.33760795e-02]
  [ 1.64409581e-01 -1.02863135e+00 -1.56171425e-02  2.10206317e-02
   -1.49818832e-01  8.57906763e-03  5.41894027e-02  5.08798826e-02
   -9.10107130e-02]]

 [[-5.92315339e+00  1.83634493e-01 -3.84190817e-01 -5.70467421e-01
   -6.48141990e-02 -1.96019258e-01  1.12782579e-02 -5.39731327e-02
   -1.74970526e-02]
  [ 8.42870482e+00  9.05997407e-02  2.37917492e+00 -3.67548994e-01
    1.28733408e-02 -1.10086600e-01 -3.87860484e-02 -3.37024086e-02
    8.52551452e-03]
  [-1.28664285e-01 -2.30951035e+00 -2.91725173e-02 -8.98420893e-02
    3.50361143e-02 -8.26918862e-03  1.55964640e-02 -5.97419034e-02
   -7.86836306e-03]]

 [[-1.61142363e+00  4.36312036e-01 -1.11766336e+00 -6.69237676e-01
    5.75618737e-02 -1.48108937e-01  2.54049948e-02 -2.68562826e-02
    6.17390770e-02]
  [-1.02375614e+01 -1.20963892e-01 -1.48471147e+00  1.47755409e-02
   -1.46710865e-01  9.57489697e-02 -3.25340448e-03 -4.31646269e-02
    5.05502493e-03]
  [ 2.10178259e-01  1.63191320e+00 -8.57037372e-03  2.06777623e-02
   -2.40351882e-02 -3.71036880e-02  2.64734678e-02 -4.23155538e-02
   -1.11156686e-02]]

 [[-4.24593662e+00  3.61677747e-01  4.80383677e-01 -7.13410340e-01
   -4.72382752e-02 -2.93602532e-01 -1.02690220e-01 -3.03062991e-03
   -5.98616746e-02]
  [-9.49419384e+00 -3.89765386e-02 -1.29028525e+00  3.81799978e-01
   -3.42814231e-02  3.96716751e-02 -6.54289808e-02  5.07219094e-02
   -5.33760795e-02]
  [-1.64409581e-01  1.02863135e+00  1.56171425e-02 -2.10206317e-02
    1.49818832e-01 -8.57906763e-03 -5.41894027e-02 -5.08798826e-02
    9.10107130e-02]]

 [[-5.92315339e+00  1.83634493e-01 -3.84190817e-01 -5.70467421e-01
   -6.48141990e-02 -1.96019258e-01  1.12782579e-02 -5.39731327e-02
   -1.74970526e-02]
  [-8.42870482e+00 -9.05997407e-02 -2.37917492e+00  3.67548994e-01
   -1.28733408e-02  1.10086600e-01  3.87860484e-02  3.37024086e-02
   -8.52551452e-03]
  [ 1.28664285e-01  2.30951035e+00  2.91725173e-02  8.98420893e-02
   -3.50361143e-02  8.26918862e-03 -1.55964640e-02  5.97419034e-02
    7.86836306e-03]]

 [[-1.02375614e+01 -1.20963892e-01 -1.48471147e+00  1.47755409e-02
   -1.46710865e-01  9.57489697e-02 -3.25340448e-03 -4.31646269e-02
    5.05502493e-03]
  [-1.61142363e+00  4.36312036e-01 -1.11766336e+00 -6.69237676e-01
    5.75618737e-02 -1.48108937e-01  2.54049948e-02 -2.68562826e-02
    6.17390770e-02]
  [-2.10178259e-01 -1.63191320e+00  8.57037372e-03 -2.06777623e-02
    2.40351882e-02  3.71036880e-02 -2.64734678e-02  4.23155538e-02
    1.11156686e-02]]

 [[-9.49419384e+00 -3.89765386e-02 -1.29028525e+00  3.81799978e-01
   -3.42814231e-02  3.96716751e-02 -6.54289808e-02  5.07219094e-02
   -5.33760795e-02]
  [-4.24593662e+00  3.61677747e-01  4.80383677e-01 -7.13410340e-01
   -4.72382752e-02 -2.93602532e-01 -1.02690220e-01 -3.03062991e-03
   -5.98616746e-02]
  [ 1.64409581e-01 -1.02863135e+00 -1.56171425e-02  2.10206317e-02
   -1.49818832e-01  8.57906763e-03  5.41894027e-02  5.08798826e-02
   -9.10107130e-02]]

 [[-8.42870482e+00 -9.05997407e-02 -2.37917492e+00  3.67548994e-01
   -1.28733408e-02  1.10086600e-01  3.87860484e-02  3.37024086e-02
   -8.52551452e-03]
  [-5.92315339e+00  1.83634493e-01 -3.84190817e-01 -5.70467421e-01
   -6.48141990e-02 -1.96019258e-01  1.12782579e-02 -5.39731327e-02
   -1.74970526e-02]
  [-1.28664285e-01 -2.30951035e+00 -2.91725173e-02 -8.98420893e-02
    3.50361143e-02 -8.26918862e-03  1.55964640e-02 -5.97419034e-02
   -7.86836306e-03]]

 [[-1.02375614e+01 -1.20963892e-01 -1.48471147e+00  1.47755409e-02
   -1.46710865e-01  9.57489697e-02 -3.25340448e-03 -4.31646269e-02
    5.05502493e-03]
  [ 1.61142363e+00 -4.36312036e-01  1.11766336e+00  6.69237676e-01
   -5.75618737e-02  1.48108937e-01 -2.54049948e-02  2.68562826e-02
   -6.17390770e-02]
  [ 2.10178259e-01  1.63191320e+00 -8.57037372e-03  2.06777623e-02
   -2.40351882e-02 -3.71036880e-02  2.64734678e-02 -4.23155538e-02
   -1.11156686e-02]]

 [[-9.49419384e+00 -3.89765386e-02 -1.29028525e+00  3.81799978e-01
   -3.42814231e-02  3.96716751e-02 -6.54289808e-02  5.07219094e-02
   -5.33760795e-02]
  [ 4.24593662e+00 -3.61677747e-01 -4.80383677e-01  7.13410340e-01
    4.72382752e-02  2.93602532e-01  1.02690220e-01  3.03062991e-03
    5.98616746e-02]
  [-1.64409581e-01  1.02863135e+00  1.56171425e-02 -2.10206317e-02
    1.49818832e-01 -8.57906763e-03 -5.41894027e-02 -5.08798826e-02
    9.10107130e-02]]

 [[-8.42870482e+00 -9.05997407e-02 -2.37917492e+00  3.67548994e-01
   -1.28733408e-02  1.10086600e-01  3.87860484e-02  3.37024086e-02
   -8.52551452e-03]
  [ 5.92315339e+00 -1.83634493e-01  3.84190817e-01  5.70467421e-01
    6.48141990e-02  1.96019258e-01 -1.12782579e-02  5.39731327e-02
    1.74970526e-02]
  [ 1.28664285e-01  2.30951035e+00  2.91725173e-02  8.98420893e-02
   -3.50361143e-02  8.26918862e-03 -1.55964640e-02  5.97419034e-02
    7.86836306e-03]]

 [[ 1.61142363e+00 -4.36312036e-01  1.11766336e+00  6.69237676e-01
   -5.75618737e-02  1.48108937e-01 -2.54049948e-02  2.68562826e-02
   -6.17390770e-02]
  [-1.02375614e+01 -1.20963892e-01 -1.48471147e+00  1.47755409e-02
   -1.46710865e-01  9.57489697e-02 -3.25340448e-03 -4.31646269e-02
    5.05502493e-03]
  [-2.10178259e-01 -1.63191320e+00  8.57037372e-03 -2.06777623e-02
    2.40351882e-02  3.71036880e-02 -2.64734678e-02  4.23155538e-02
    1.11156686e-02]]

 [[ 4.24593662e+00 -3.61677747e-01 -4.80383677e-01  7.13410340e-01
    4.72382752e-02  2.93602532e-01  1.02690220e-01  3.03062991e-03
    5.98616746e-02]
  [-9.49419384e+00 -3.89765386e-02 -1.29028525e+00  3.81799978e-01
   -3.42814231e-02  3.96716751e-02 -6.54289808e-02  5.07219094e-02
   -5.33760795e-02]
  [ 1.64409581e-01 -1.02863135e+00 -1.56171425e-02  2.10206317e-02
   -1.49818832e-01  8.57906763e-03  5.41894027e-02  5.08798826e-02
   -9.10107130e-02]]

 [[ 5.92315339e+00 -1.83634493e-01  3.84190817e-01  5.70467421e-01
    6.48141990e-02  1.96019258e-01 -1.12782579e-02  5.39731327e-02
    1.74970526e-02]
  [-8.42870482e+00 -9.05997407e-02 -2.37917492e+00  3.67548994e-01
   -1.28733408e-02  1.10086600e-01  3.87860484e-02  3.37024086e-02
   -8.52551452e-03]
  [-1.28664285e-01 -2.30951035e+00 -2.91725173e-02 -8.98420893e-02
    3.50361143e-02 -8.26918862e-03  1.55964640e-02 -5.97419034e-02
   -7.86836306e-03]]

 [[ 1.61142363e+00 -4.36312036e-01  1.11766336e+00  6.69237676e-01
   -5.75618737e-02  1.48108937e-01 -2.54049948e-02  2.68562826e-02
   -6.17390770e-02]
  [ 1.02375614e+01  1.20963892e-01  1.48471147e+00 -1.47755409e-02
    1.46710865e-01 -9.57489697e-02  3.25340448e-03  4.31646269e-02
   -5.05502493e-03]
  [ 2.10178259e-01  1.63191320e+00 -8.57037372e-03  2.06777623e-02
   -2.40351882e-02 -3.71036880e-02  2.64734678e-02 -4.23155538e-02
   -1.11156686e-02]]

 [[ 4.24593662e+00 -3.61677747e-01 -4.80383677e-01  7.13410340e-01
    4.72382752e-02  2.93602532e-01  1.02690220e-01  3.03062991e-03
    5.98616746e-02]
  [ 9.49419384e+00  3.89765386e-02  1.29028525e+00 -3.81799978e-01
    3.42814231e-02 -3.96716751e-02  6.54289808e-02 -5.07219094e-02
    5.33760795e-02]
  [-1.64409581e-01  1.02863135e+00  1.56171425e-02 -2.10206317e-02
    1.49818832e-01 -8.57906763e-03 -5.41894027e-02 -5.08798826e-02
    9.10107130e-02]]

 [[ 5.92315339e+00 -1.83634493e-01  3.84190817e-01  5.70467421e-01
    6.48141990e-02  1.96019258e-01 -1.12782579e-02  5.39731327e-02
    1.74970526e-02]
  [ 8.42870482e+00  9.05997407e-02  2.37917492e+00 -3.67548994e-01
    1.28733408e-02 -1.10086600e-01 -3.87860484e-02 -3.37024086e-02
    8.52551452e-03]
  [ 1.28664285e-01  2.30951035e+00  2.91725173e-02  8.98420893e-02
   -3.50361143e-02  8.26918862e-03 -1.55964640e-02  5.97419034e-02
    7.86836306e-03]]]
Currents degrees of freedom
[10000000. 10000000. 10000000.]
Currents Fourier coefficients
[ 10000000.  10000000.  10000000. -10000000. -10000000. -10000000.
  10000000.  10000000.  10000000. -10000000. -10000000. -10000000.
  10000000.  10000000.  10000000. -10000000. -10000000. -10000000.
  10000000.  10000000.  10000000. -10000000. -10000000. -10000000.]

nfp stellsym order
4 True 10
Degrees of freedom
[[[ 1.01733520e+01  9.69514079e-03  1.72591889e+00 -6.71413426e-02
    4.97621819e-02 -6.80742603e-03  2.25849702e-02  3.46030731e-02
   -1.52414180e-03  2.05630415e-02 -6.66761591e-03  1.81702641e-02
   -8.68268262e-04  2.56942261e-02 -4.45051173e-02  2.29410295e-02
   -1.07036558e-02  1.41393974e-02  1.76820238e-02  2.63125389e-02
    2.60384455e-03]
  [ 1.37850088e+00  6.98100575e-02  3.07323007e-01 -1.92747372e-01
   -7.66718393e-02  5.44894901e-02  2.05856607e-02 -1.29468514e-01
    2.26487792e-03 -6.11862986e-02 -1.30208696e-02  2.91075671e-02
   -1.36185698e-05  4.77091123e-03 -4.17245921e-03 -8.68162479e-03
    7.80749938e-03  1.56753885e-02  5.37104107e-04  2.29188992e-02
    4.43853485e-03]
  [ 1.83592552e-01 -1.74427405e+00 -7.58640238e-03 -8.86989213e-02
   -9.43791948e-02  4.60875342e-02 -2.76710684e-03  9.53301709e-02
   -4.62254742e-03  6.84336355e-02  4.64523635e-03  7.36786417e-02
    2.78212075e-03  1.18710244e-01 -2.25679891e-03  9.19601202e-02
   -1.21084759e-02  8.13983332e-02 -2.40727565e-03  1.07449177e-01
   -1.53979044e-03]]

 [[ 9.42882535e+00  6.20197341e-02  1.61075878e+00 -1.58571855e-02
   -6.64440550e-02 -1.98269716e-02  4.98660249e-02  5.75085201e-02
   -1.91465212e-02  1.87227933e-02 -2.04321744e-02  3.65337163e-03
    2.03448624e-03 -1.46431897e-02 -4.86587826e-02  2.51892727e-03
   -4.16879541e-02  4.41933808e-03 -9.21602256e-03  9.20927631e-03
   -8.25886142e-03]
  [ 3.74961922e+00 -6.77977915e-02  6.98214333e-01 -7.10224524e-02
    9.41013923e-02  3.57814559e-02  4.09982308e-02 -1.12244088e-01
   -1.37395512e-02 -2.39982382e-02 -1.67562107e-02  4.10539278e-02
   -1.43636416e-02  3.07632382e-02 -4.16636009e-02  1.74353607e-02
   -2.38383185e-02  4.97773470e-02 -3.15868144e-02  4.69690136e-02
   -2.63627987e-02]
  [ 5.64593454e-02 -1.67012765e+00 -4.10275512e-02  3.45947458e-02
   -5.45117099e-02  1.70771022e-02  2.29311311e-02  1.21038286e-01
    2.23545583e-03  8.43704535e-02  5.55014724e-03  1.15867595e-01
    3.58491995e-02  1.44302552e-01  1.49049298e-02  1.10646790e-01
   -1.46875356e-02  1.07143504e-01  5.14652443e-03  1.29197863e-01
    1.11557450e-02]]

 [[ 8.20859144e+00 -5.87143516e-03  1.45017387e+00 -6.27572928e-03
   -2.16157049e-02  3.72366185e-04 -7.13701212e-03  7.47473074e-02
   -1.45773475e-02  1.80274251e-02 -6.32896609e-03 -9.39151908e-03
   -2.71947854e-03 -3.11317567e-02  1.91254335e-03 -1.66902649e-03
   -8.59039790e-03 -1.16195204e-02  5.07492053e-03 -9.04193105e-03
    1.80967906e-02]
  [ 6.29407081e+00  1.01403864e-01  9.30477432e-01  7.60112289e-02
    1.72546313e-01  7.29709462e-02  1.77165142e-05 -9.01993002e-02
   -1.00815094e-02 -3.18315716e-02  5.12589003e-03  3.78641854e-02
    1.15195487e-03  8.14309339e-03 -1.39972323e-02 -2.01247576e-03
   -2.75487867e-03 -6.39437581e-03 -1.83103700e-02  3.30175114e-03
   -1.04004233e-03]
  [-8.41105740e-02 -1.72498127e+00 -8.17527251e-02 -8.40415315e-02
    5.11505108e-02  6.95152564e-02  6.33514895e-02  1.03360267e-01
    8.16725413e-03  5.94198608e-02 -5.71041329e-03  8.00863657e-02
    1.74803593e-02  1.08487461e-01  3.19100509e-03  8.53045720e-02
   -1.70078189e-02  7.72824997e-02 -9.81079805e-05  1.07852685e-01
    9.54072602e-04]]]
Fourier coefficients
[[[ 1.01733520e+01  9.69514079e-03  1.72591889e+00 ...  1.76820238e-02
    2.63125389e-02  2.60384455e-03]
  [ 1.37850088e+00  6.98100575e-02  3.07323007e-01 ...  5.37104107e-04
    2.29188992e-02  4.43853485e-03]
  [ 1.83592552e-01 -1.74427405e+00 -7.58640238e-03 ... -2.40727565e-03
    1.07449177e-01 -1.53979044e-03]]

 [[ 9.42882535e+00  6.20197341e-02  1.61075878e+00 ... -9.21602256e-03
    9.20927631e-03 -8.25886142e-03]
  [ 3.74961922e+00 -6.77977915e-02  6.98214333e-01 ... -3.15868144e-02
    4.69690136e-02 -2.63627987e-02]
  [ 5.64593454e-02 -1.67012765e+00 -4.10275512e-02 ...  5.14652443e-03
    1.29197863e-01  1.11557450e-02]]

 [[ 8.20859144e+00 -5.87143516e-03  1.45017387e+00 ...  5.07492053e-03
   -9.04193105e-03  1.80967906e-02]
  [ 6.29407081e+00  1.01403864e-01  9.30477432e-01 ... -1.83103700e-02
    3.30175114e-03 -1.04004233e-03]
  [-8.41105740e-02 -1.72498127e+00 -8.17527251e-02 ... -9.81079805e-05
    1.07852685e-01  9.54072602e-04]]

 ...

 [[ 1.37850088e+00  6.98100575e-02  3.07323007e-01 ...  5.37104107e-04
    2.29188992e-02  4.43853485e-03]
  [ 1.01733520e+01  9.69514079e-03  1.72591889e+00 ...  1.76820238e-02
    2.63125389e-02  2.60384455e-03]
  [-1.83592552e-01  1.74427405e+00  7.58640238e-03 ...  2.40727565e-03
   -1.07449177e-01  1.53979044e-03]]

 [[ 3.74961922e+00 -6.77977915e-02  6.98214333e-01 ... -3.15868144e-02
    4.69690136e-02 -2.63627987e-02]
  [ 9.42882535e+00  6.20197341e-02  1.61075878e+00 ... -9.21602256e-03
    9.20927631e-03 -8.25886142e-03]
  [-5.64593454e-02  1.67012765e+00  4.10275512e-02 ... -5.14652443e-03
   -1.29197863e-01 -1.11557450e-02]]

 [[ 6.29407081e+00  1.01403864e-01  9.30477432e-01 ... -1.83103700e-02
    3.30175114e-03 -1.04004233e-03]
  [ 8.20859144e+00 -5.87143516e-03  1.45017387e+00 ...  5.07492053e-03
   -9.04193105e-03  1.80967906e-02]
  [ 8.41105740e-02  1.72498127e+00  8.17527251e-02 ...  9.81079805e-05
   -1.07852685e-01 -9.54072602e-04]]]
Currents degrees of freedom
[10000000. 10000000. 10000000.]
Currents Fourier coefficients
[ 10000000.  10000000.  10000000. -10000000. -10000000. -10000000.
  10000000.  10000000.  10000000. -10000000. -10000000. -10000000.
  10000000.  10000000.  10000000. -10000000. -10000000. -10000000.
  10000000.  10000000.  10000000. -10000000. -10000000. -10000000.]

nfp stellsym order
4 True 5
Degrees of freedom
[[[ 1.01623364e+01  2.75076166e-02  1.69578259e+00 -1.06839358e-02
    5.91466145e-02 -1.18224885e-02  1.47856663e-02  2.29786949e-02
   -1.21422378e-02  2.47633482e-02  1.25454421e-02]
  [ 1.30829248e+00  1.15963323e-01  4.23602013e-01 -1.29658350e-01
   -5.98455123e-02  4.01046453e-03 -3.55969241e-03 -1.04219374e-01
   -1.23116467e-02 -3.12468911e-02 -8.87227215e-03]
  [ 9.37427594e-02 -1.71947042e+00 -4.89632784e-04 -8.03367402e-02
   -6.07645255e-02 -4.99551425e-03 -1.02799898e-02  6.78520784e-02
    8.75852572e-03  4.36945164e-02  1.13997413e-02]]

 [[ 9.33151858e+00  9.20768948e-02  1.59192306e+00 -7.96289173e-03
   -1.95184109e-02 -3.35697215e-03  3.19525844e-02  4.21704841e-02
   -2.04755980e-02  7.38178257e-03  2.20321180e-02]
  [ 3.88835261e+00 -1.12013933e-01  6.85423025e-01 -6.40253497e-02
    6.92983176e-03  2.13917075e-02 -2.03215379e-03 -6.79822355e-02
   -1.71346548e-02  1.87641140e-02  2.01163801e-03]
  [ 6.35571095e-02 -1.64314366e+00 -1.65568228e-03  6.02081092e-02
   -4.21796477e-02  7.05166940e-03 -6.19327598e-03  7.80043148e-02
    6.33052314e-03  3.77598999e-02  3.22117108e-03]]

 [[ 8.13306313e+00 -1.39705164e-02  1.44979769e+00  6.06231216e-03
    1.23152679e-02 -1.20004210e-02  6.64313781e-03  6.29395798e-02
   -2.25763069e-02  1.83973857e-03  1.25475150e-02]
  [ 6.22078898e+00  4.05825551e-02  9.78824638e-01 -2.50944381e-02
    7.29863069e-02  4.34443131e-02  8.91002672e-03 -6.69443958e-02
   -1.49659977e-02 -8.00239577e-04  1.33846750e-02]
  [-1.13625009e-03 -1.70139131e+00 -1.50303145e-02 -1.97549483e-02
    4.36809325e-03  2.08568863e-02  8.18747791e-03  6.24855940e-02
    4.93748465e-03  2.91944092e-02 -4.56558471e-03]]]
Fourier coefficients
[[[ 1.01623364e+01  2.75076166e-02  1.69578259e+00 -1.06839358e-02
    5.91466145e-02 -1.18224885e-02  1.47856663e-02  2.29786949e-02
   -1.21422378e-02  2.47633482e-02  1.25454421e-02]
  [ 1.30829248e+00  1.15963323e-01  4.23602013e-01 -1.29658350e-01
   -5.98455123e-02  4.01046453e-03 -3.55969241e-03 -1.04219374e-01
   -1.23116467e-02 -3.12468911e-02 -8.87227215e-03]
  [ 9.37427594e-02 -1.71947042e+00 -4.89632784e-04 -8.03367402e-02
   -6.07645255e-02 -4.99551425e-03 -1.02799898e-02  6.78520784e-02
    8.75852572e-03  4.36945164e-02  1.13997413e-02]]

 [[ 9.33151858e+00  9.20768948e-02  1.59192306e+00 -7.96289173e-03
   -1.95184109e-02 -3.35697215e-03  3.19525844e-02  4.21704841e-02
   -2.04755980e-02  7.38178257e-03  2.20321180e-02]
  [ 3.88835261e+00 -1.12013933e-01  6.85423025e-01 -6.40253497e-02
    6.92983176e-03  2.13917075e-02 -2.03215379e-03 -6.79822355e-02
   -1.71346548e-02  1.87641140e-02  2.01163801e-03]
  [ 6.35571095e-02 -1.64314366e+00 -1.65568228e-03  6.02081092e-02
   -4.21796477e-02  7.05166940e-03 -6.19327598e-03  7.80043148e-02
    6.33052314e-03  3.77598999e-02  3.22117108e-03]]

 [[ 8.13306313e+00 -1.39705164e-02  1.44979769e+00  6.06231216e-03
    1.23152679e-02 -1.20004210e-02  6.64313781e-03  6.29395798e-02
   -2.25763069e-02  1.83973857e-03  1.25475150e-02]
  [ 6.22078898e+00  4.05825551e-02  9.78824638e-01 -2.50944381e-02
    7.29863069e-02  4.34443131e-02  8.91002672e-03 -6.69443958e-02
   -1.49659977e-02 -8.00239577e-04  1.33846750e-02]
  [-1.13625009e-03 -1.70139131e+00 -1.50303145e-02 -1.97549483e-02
    4.36809325e-03  2.08568863e-02  8.18747791e-03  6.24855940e-02
    4.93748465e-03  2.91944092e-02 -4.56558471e-03]]

 [[ 1.01623364e+01  2.75076166e-02  1.69578259e+00 -1.06839358e-02
    5.91466145e-02 -1.18224885e-02  1.47856663e-02  2.29786949e-02
   -1.21422378e-02  2.47633482e-02  1.25454421e-02]
  [-1.30829248e+00 -1.15963323e-01 -4.23602013e-01  1.29658350e-01
    5.98455123e-02 -4.01046453e-03  3.55969241e-03  1.04219374e-01
    1.23116467e-02  3.12468911e-02  8.87227215e-03]
  [-9.37427594e-02  1.71947042e+00  4.89632784e-04  8.03367402e-02
    6.07645255e-02  4.99551425e-03  1.02799898e-02 -6.78520784e-02
   -8.75852572e-03 -4.36945164e-02 -1.13997413e-02]]

 [[ 9.33151858e+00  9.20768948e-02  1.59192306e+00 -7.96289173e-03
   -1.95184109e-02 -3.35697215e-03  3.19525844e-02  4.21704841e-02
   -2.04755980e-02  7.38178257e-03  2.20321180e-02]
  [-3.88835261e+00  1.12013933e-01 -6.85423025e-01  6.40253497e-02
   -6.92983176e-03 -2.13917075e-02  2.03215379e-03  6.79822355e-02
    1.71346548e-02 -1.87641140e-02 -2.01163801e-03]
  [-6.35571095e-02  1.64314366e+00  1.65568228e-03 -6.02081092e-02
    4.21796477e-02 -7.05166940e-03  6.19327598e-03 -7.80043148e-02
   -6.33052314e-03 -3.77598999e-02 -3.22117108e-03]]

 [[ 8.13306313e+00 -1.39705164e-02  1.44979769e+00  6.06231216e-03
    1.23152679e-02 -1.20004210e-02  6.64313781e-03  6.29395798e-02
   -2.25763069e-02  1.83973857e-03  1.25475150e-02]
  [-6.22078898e+00 -4.05825551e-02 -9.78824638e-01  2.50944381e-02
   -7.29863069e-02 -4.34443131e-02 -8.91002672e-03  6.69443958e-02
    1.49659977e-02  8.00239577e-04 -1.33846750e-02]
  [ 1.13625009e-03  1.70139131e+00  1.50303145e-02  1.97549483e-02
   -4.36809325e-03 -2.08568863e-02 -8.18747791e-03 -6.24855940e-02
   -4.93748465e-03 -2.91944092e-02  4.56558471e-03]]

 [[-1.30829248e+00 -1.15963323e-01 -4.23602013e-01  1.29658350e-01
    5.98455123e-02 -4.01046453e-03  3.55969241e-03  1.04219374e-01
    1.23116467e-02  3.12468911e-02  8.87227215e-03]
  [ 1.01623364e+01  2.75076166e-02  1.69578259e+00 -1.06839358e-02
    5.91466145e-02 -1.18224885e-02  1.47856663e-02  2.29786949e-02
   -1.21422378e-02  2.47633482e-02  1.25454421e-02]
  [ 9.37427594e-02 -1.71947042e+00 -4.89632784e-04 -8.03367402e-02
   -6.07645255e-02 -4.99551425e-03 -1.02799898e-02  6.78520784e-02
    8.75852572e-03  4.36945164e-02  1.13997413e-02]]

 [[-3.88835261e+00  1.12013933e-01 -6.85423025e-01  6.40253497e-02
   -6.92983176e-03 -2.13917075e-02  2.03215379e-03  6.79822355e-02
    1.71346548e-02 -1.87641140e-02 -2.01163801e-03]
  [ 9.33151858e+00  9.20768948e-02  1.59192306e+00 -7.96289173e-03
   -1.95184109e-02 -3.35697215e-03  3.19525844e-02  4.21704841e-02
   -2.04755980e-02  7.38178257e-03  2.20321180e-02]
  [ 6.35571095e-02 -1.64314366e+00 -1.65568228e-03  6.02081092e-02
   -4.21796477e-02  7.05166940e-03 -6.19327598e-03  7.80043148e-02
    6.33052314e-03  3.77598999e-02  3.22117108e-03]]

 [[-6.22078898e+00 -4.05825551e-02 -9.78824638e-01  2.50944381e-02
   -7.29863069e-02 -4.34443131e-02 -8.91002672e-03  6.69443958e-02
    1.49659977e-02  8.00239577e-04 -1.33846750e-02]
  [ 8.13306313e+00 -1.39705164e-02  1.44979769e+00  6.06231216e-03
    1.23152679e-02 -1.20004210e-02  6.64313781e-03  6.29395798e-02
   -2.25763069e-02  1.83973857e-03  1.25475150e-02]
  [-1.13625009e-03 -1.70139131e+00 -1.50303145e-02 -1.97549483e-02
    4.36809325e-03  2.08568863e-02  8.18747791e-03  6.24855940e-02
    4.93748465e-03  2.91944092e-02 -4.56558471e-03]]

 [[-1.30829248e+00 -1.15963323e-01 -4.23602013e-01  1.29658350e-01
    5.98455123e-02 -4.01046453e-03  3.55969241e-03  1.04219374e-01
    1.23116467e-02  3.12468911e-02  8.87227215e-03]
  [-1.01623364e+01 -2.75076166e-02 -1.69578259e+00  1.06839358e-02
   -5.91466145e-02  1.18224885e-02 -1.47856663e-02 -2.29786949e-02
    1.21422378e-02 -2.47633482e-02 -1.25454421e-02]
  [-9.37427594e-02  1.71947042e+00  4.89632784e-04  8.03367402e-02
    6.07645255e-02  4.99551425e-03  1.02799898e-02 -6.78520784e-02
   -8.75852572e-03 -4.36945164e-02 -1.13997413e-02]]

 [[-3.88835261e+00  1.12013933e-01 -6.85423025e-01  6.40253497e-02
   -6.92983176e-03 -2.13917075e-02  2.03215379e-03  6.79822355e-02
    1.71346548e-02 -1.87641140e-02 -2.01163801e-03]
  [-9.33151858e+00 -9.20768948e-02 -1.59192306e+00  7.96289173e-03
    1.95184109e-02  3.35697215e-03 -3.19525844e-02 -4.21704841e-02
    2.04755980e-02 -7.38178257e-03 -2.20321180e-02]
  [-6.35571095e-02  1.64314366e+00  1.65568228e-03 -6.02081092e-02
    4.21796477e-02 -7.05166940e-03  6.19327598e-03 -7.80043148e-02
   -6.33052314e-03 -3.77598999e-02 -3.22117108e-03]]

 [[-6.22078898e+00 -4.05825551e-02 -9.78824638e-01  2.50944381e-02
   -7.29863069e-02 -4.34443131e-02 -8.91002672e-03  6.69443958e-02
    1.49659977e-02  8.00239577e-04 -1.33846750e-02]
  [-8.13306313e+00  1.39705164e-02 -1.44979769e+00 -6.06231216e-03
   -1.23152679e-02  1.20004210e-02 -6.64313781e-03 -6.29395798e-02
    2.25763069e-02 -1.83973857e-03 -1.25475150e-02]
  [ 1.13625009e-03  1.70139131e+00  1.50303145e-02  1.97549483e-02
   -4.36809325e-03 -2.08568863e-02 -8.18747791e-03 -6.24855940e-02
   -4.93748465e-03 -2.91944092e-02  4.56558471e-03]]

 [[-1.01623364e+01 -2.75076166e-02 -1.69578259e+00  1.06839358e-02
   -5.91466145e-02  1.18224885e-02 -1.47856663e-02 -2.29786949e-02
    1.21422378e-02 -2.47633482e-02 -1.25454421e-02]
  [-1.30829248e+00 -1.15963323e-01 -4.23602013e-01  1.29658350e-01
    5.98455123e-02 -4.01046453e-03  3.55969241e-03  1.04219374e-01
    1.23116467e-02  3.12468911e-02  8.87227215e-03]
  [ 9.37427594e-02 -1.71947042e+00 -4.89632784e-04 -8.03367402e-02
   -6.07645255e-02 -4.99551425e-03 -1.02799898e-02  6.78520784e-02
    8.75852572e-03  4.36945164e-02  1.13997413e-02]]

 [[-9.33151858e+00 -9.20768948e-02 -1.59192306e+00  7.96289173e-03
    1.95184109e-02  3.35697215e-03 -3.19525844e-02 -4.21704841e-02
    2.04755980e-02 -7.38178257e-03 -2.20321180e-02]
  [-3.88835261e+00  1.12013933e-01 -6.85423025e-01  6.40253497e-02
   -6.92983176e-03 -2.13917075e-02  2.03215379e-03  6.79822355e-02
    1.71346548e-02 -1.87641140e-02 -2.01163801e-03]
  [ 6.35571095e-02 -1.64314366e+00 -1.65568228e-03  6.02081092e-02
   -4.21796477e-02  7.05166940e-03 -6.19327598e-03  7.80043148e-02
    6.33052314e-03  3.77598999e-02  3.22117108e-03]]

 [[-8.13306313e+00  1.39705164e-02 -1.44979769e+00 -6.06231216e-03
   -1.23152679e-02  1.20004210e-02 -6.64313781e-03 -6.29395798e-02
    2.25763069e-02 -1.83973857e-03 -1.25475150e-02]
  [-6.22078898e+00 -4.05825551e-02 -9.78824638e-01  2.50944381e-02
   -7.29863069e-02 -4.34443131e-02 -8.91002672e-03  6.69443958e-02
    1.49659977e-02  8.00239577e-04 -1.33846750e-02]
  [-1.13625009e-03 -1.70139131e+00 -1.50303145e-02 -1.97549483e-02
    4.36809325e-03  2.08568863e-02  8.18747791e-03  6.24855940e-02
    4.93748465e-03  2.91944092e-02 -4.56558471e-03]]

 [[-1.01623364e+01 -2.75076166e-02 -1.69578259e+00  1.06839358e-02
   -5.91466145e-02  1.18224885e-02 -1.47856663e-02 -2.29786949e-02
    1.21422378e-02 -2.47633482e-02 -1.25454421e-02]
  [ 1.30829248e+00  1.15963323e-01  4.23602013e-01 -1.29658350e-01
   -5.98455123e-02  4.01046453e-03 -3.55969241e-03 -1.04219374e-01
   -1.23116467e-02 -3.12468911e-02 -8.87227215e-03]
  [-9.37427594e-02  1.71947042e+00  4.89632784e-04  8.03367402e-02
    6.07645255e-02  4.99551425e-03  1.02799898e-02 -6.78520784e-02
   -8.75852572e-03 -4.36945164e-02 -1.13997413e-02]]

 [[-9.33151858e+00 -9.20768948e-02 -1.59192306e+00  7.96289173e-03
    1.95184109e-02  3.35697215e-03 -3.19525844e-02 -4.21704841e-02
    2.04755980e-02 -7.38178257e-03 -2.20321180e-02]
  [ 3.88835261e+00 -1.12013933e-01  6.85423025e-01 -6.40253497e-02
    6.92983176e-03  2.13917075e-02 -2.03215379e-03 -6.79822355e-02
   -1.71346548e-02  1.87641140e-02  2.01163801e-03]
  [-6.35571095e-02  1.64314366e+00  1.65568228e-03 -6.02081092e-02
    4.21796477e-02 -7.05166940e-03  6.19327598e-03 -7.80043148e-02
   -6.33052314e-03 -3.77598999e-02 -3.22117108e-03]]

 [[-8.13306313e+00  1.39705164e-02 -1.44979769e+00 -6.06231216e-03
   -1.23152679e-02  1.20004210e-02 -6.64313781e-03 -6.29395798e-02
    2.25763069e-02 -1.83973857e-03 -1.25475150e-02]
  [ 6.22078898e+00  4.05825551e-02  9.78824638e-01 -2.50944381e-02
    7.29863069e-02  4.34443131e-02  8.91002672e-03 -6.69443958e-02
   -1.49659977e-02 -8.00239577e-04  1.33846750e-02]
  [ 1.13625009e-03  1.70139131e+00  1.50303145e-02  1.97549483e-02
   -4.36809325e-03 -2.08568863e-02 -8.18747791e-03 -6.24855940e-02
   -4.93748465e-03 -2.91944092e-02  4.56558471e-03]]

 [[ 1.30829248e+00  1.15963323e-01  4.23602013e-01 -1.29658350e-01
   -5.98455123e-02  4.01046453e-03 -3.55969241e-03 -1.04219374e-01
   -1.23116467e-02 -3.12468911e-02 -8.87227215e-03]
  [-1.01623364e+01 -2.75076166e-02 -1.69578259e+00  1.06839358e-02
   -5.91466145e-02  1.18224885e-02 -1.47856663e-02 -2.29786949e-02
    1.21422378e-02 -2.47633482e-02 -1.25454421e-02]
  [ 9.37427594e-02 -1.71947042e+00 -4.89632784e-04 -8.03367402e-02
   -6.07645255e-02 -4.99551425e-03 -1.02799898e-02  6.78520784e-02
    8.75852572e-03  4.36945164e-02  1.13997413e-02]]

 [[ 3.88835261e+00 -1.12013933e-01  6.85423025e-01 -6.40253497e-02
    6.92983176e-03  2.13917075e-02 -2.03215379e-03 -6.79822355e-02
   -1.71346548e-02  1.87641140e-02  2.01163801e-03]
  [-9.33151858e+00 -9.20768948e-02 -1.59192306e+00  7.96289173e-03
    1.95184109e-02  3.35697215e-03 -3.19525844e-02 -4.21704841e-02
    2.04755980e-02 -7.38178257e-03 -2.20321180e-02]
  [ 6.35571095e-02 -1.64314366e+00 -1.65568228e-03  6.02081092e-02
   -4.21796477e-02  7.05166940e-03 -6.19327598e-03  7.80043148e-02
    6.33052314e-03  3.77598999e-02  3.22117108e-03]]

 [[ 6.22078898e+00  4.05825551e-02  9.78824638e-01 -2.50944381e-02
    7.29863069e-02  4.34443131e-02  8.91002672e-03 -6.69443958e-02
   -1.49659977e-02 -8.00239577e-04  1.33846750e-02]
  [-8.13306313e+00  1.39705164e-02 -1.44979769e+00 -6.06231216e-03
   -1.23152679e-02  1.20004210e-02 -6.64313781e-03 -6.29395798e-02
    2.25763069e-02 -1.83973857e-03 -1.25475150e-02]
  [-1.13625009e-03 -1.70139131e+00 -1.50303145e-02 -1.97549483e-02
    4.36809325e-03  2.08568863e-02  8.18747791e-03  6.24855940e-02
    4.93748465e-03  2.91944092e-02 -4.56558471e-03]]

 [[ 1.30829248e+00  1.15963323e-01  4.23602013e-01 -1.29658350e-01
   -5.98455123e-02  4.01046453e-03 -3.55969241e-03 -1.04219374e-01
   -1.23116467e-02 -3.12468911e-02 -8.87227215e-03]
  [ 1.01623364e+01  2.75076166e-02  1.69578259e+00 -1.06839358e-02
    5.91466145e-02 -1.18224885e-02  1.47856663e-02  2.29786949e-02
   -1.21422378e-02  2.47633482e-02  1.25454421e-02]
  [-9.37427594e-02  1.71947042e+00  4.89632784e-04  8.03367402e-02
    6.07645255e-02  4.99551425e-03  1.02799898e-02 -6.78520784e-02
   -8.75852572e-03 -4.36945164e-02 -1.13997413e-02]]

 [[ 3.88835261e+00 -1.12013933e-01  6.85423025e-01 -6.40253497e-02
    6.92983176e-03  2.13917075e-02 -2.03215379e-03 -6.79822355e-02
   -1.71346548e-02  1.87641140e-02  2.01163801e-03]
  [ 9.33151858e+00  9.20768948e-02  1.59192306e+00 -7.96289173e-03
   -1.95184109e-02 -3.35697215e-03  3.19525844e-02  4.21704841e-02
   -2.04755980e-02  7.38178257e-03  2.20321180e-02]
  [-6.35571095e-02  1.64314366e+00  1.65568228e-03 -6.02081092e-02
    4.21796477e-02 -7.05166940e-03  6.19327598e-03 -7.80043148e-02
   -6.33052314e-03 -3.77598999e-02 -3.22117108e-03]]

 [[ 6.22078898e+00  4.05825551e-02  9.78824638e-01 -2.50944381e-02
    7.29863069e-02  4.34443131e-02  8.91002672e-03 -6.69443958e-02
   -1.49659977e-02 -8.00239577e-04  1.33846750e-02]
  [ 8.13306313e+00 -1.39705164e-02  1.44979769e+00  6.06231216e-03
    1.23152679e-02 -1.20004210e-02  6.64313781e-03  6.29395798e-02
   -2.25763069e-02  1.83973857e-03  1.25475150e-02]
  [ 1.13625009e-03  1.70139131e+00  1.50303145e-02  1.97549483e-02
   -4.36809325e-03 -2.08568863e-02 -8.18747791e-03 -6.24855940e-02
   -4.93748465e-03 -2.91944092e-02  4.56558471e-03]]]
Currents degrees of freedom
[10000000. 10000000. 10000000.]
Currents Fourier coefficients
[ 10000000.  10000000.  10000000. -10000000. -10000000. -10000000.
  10000000.  10000000.  10000000. -10000000. -10000000. -10000000.
  10000000.  10000000.  10000000. -10000000. -10000000. -10000000.
  10000000.  10000000.  10000000. -10000000. -10000000. -10000000.]

nfp stellsym order
4 True 4
Degrees of freedom
[[[ 1.01798425e+01 -2.90268672e-02  1.69500065e+00 -2.75886632e-02
    5.55927504e-02  1.52248529e-02 -4.53762824e-03 -4.11147852e-03
    2.17923352e-02]
  [ 1.30816631e+00  1.57021299e-01  4.91906005e-01 -7.25627834e-02
   -5.53562016e-02  1.34218765e-02 -2.80183778e-03 -1.41126690e-02
   -2.98061298e-03]
  [ 1.20586610e-01 -1.73395588e+00 -8.40705208e-03 -1.75832626e-02
   -6.53958951e-02  2.70372335e-02  4.03222330e-03  1.15053782e-02
   -1.50756039e-02]]

 [[ 9.36166743e+00  3.93788793e-02  1.60632767e+00 -3.50319141e-02
   -1.53398455e-02  4.65980237e-03  2.17251350e-02  9.05692179e-03
    1.06253680e-02]
  [ 3.95204834e+00 -9.48866384e-02  6.27742661e-01 -5.87228353e-02
    1.62943039e-02  5.35576330e-04 -6.81654758e-03  1.55328505e-02
    3.27005475e-03]
  [ 1.00722385e-01 -1.69319539e+00  3.37405761e-03  3.90255870e-02
   -5.44172655e-02  2.39252953e-02  2.48539213e-03  3.18898145e-02
   -8.10123378e-04]]

 [[ 8.13675433e+00  3.14271115e-02  1.35313960e+00  2.38598081e-02
    4.34063946e-02 -5.93262079e-03  1.74621719e-02  5.06106247e-03
    1.00310332e-02]
  [ 6.30747365e+00 -2.40894122e-02  9.06142316e-01 -2.12170098e-02
    3.02829353e-02  1.55638729e-02  4.28477867e-03  1.18520825e-02
    7.64537139e-03]
  [-1.56523070e-02 -1.59982311e+00  7.63835200e-04 -2.24582057e-02
   -1.04432292e-03  1.87452095e-02  2.75877372e-03  3.28208088e-02
   -1.72527383e-04]]]
Fourier coefficients
[[[ 1.01798425e+01 -2.90268672e-02  1.69500065e+00 -2.75886632e-02
    5.55927504e-02  1.52248529e-02 -4.53762824e-03 -4.11147852e-03
    2.17923352e-02]
  [ 1.30816631e+00  1.57021299e-01  4.91906005e-01 -7.25627834e-02
   -5.53562016e-02  1.34218765e-02 -2.80183778e-03 -1.41126690e-02
   -2.98061298e-03]
  [ 1.20586610e-01 -1.73395588e+00 -8.40705208e-03 -1.75832626e-02
   -6.53958951e-02  2.70372335e-02  4.03222330e-03  1.15053782e-02
   -1.50756039e-02]]

 [[ 9.36166743e+00  3.93788793e-02  1.60632767e+00 -3.50319141e-02
   -1.53398455e-02  4.65980237e-03  2.17251350e-02  9.05692179e-03
    1.06253680e-02]
  [ 3.95204834e+00 -9.48866384e-02  6.27742661e-01 -5.87228353e-02
    1.62943039e-02  5.35576330e-04 -6.81654758e-03  1.55328505e-02
    3.27005475e-03]
  [ 1.00722385e-01 -1.69319539e+00  3.37405761e-03  3.90255870e-02
   -5.44172655e-02  2.39252953e-02  2.48539213e-03  3.18898145e-02
   -8.10123378e-04]]

 [[ 8.13675433e+00  3.14271115e-02  1.35313960e+00  2.38598081e-02
    4.34063946e-02 -5.93262079e-03  1.74621719e-02  5.06106247e-03
    1.00310332e-02]
  [ 6.30747365e+00 -2.40894122e-02  9.06142316e-01 -2.12170098e-02
    3.02829353e-02  1.55638729e-02  4.28477867e-03  1.18520825e-02
    7.64537139e-03]
  [-1.56523070e-02 -1.59982311e+00  7.63835200e-04 -2.24582057e-02
   -1.04432292e-03  1.87452095e-02  2.75877372e-03  3.28208088e-02
   -1.72527383e-04]]

 [[ 1.01798425e+01 -2.90268672e-02  1.69500065e+00 -2.75886632e-02
    5.55927504e-02  1.52248529e-02 -4.53762824e-03 -4.11147852e-03
    2.17923352e-02]
  [-1.30816631e+00 -1.57021299e-01 -4.91906005e-01  7.25627834e-02
    5.53562016e-02 -1.34218765e-02  2.80183778e-03  1.41126690e-02
    2.98061298e-03]
  [-1.20586610e-01  1.73395588e+00  8.40705208e-03  1.75832626e-02
    6.53958951e-02 -2.70372335e-02 -4.03222330e-03 -1.15053782e-02
    1.50756039e-02]]

 [[ 9.36166743e+00  3.93788793e-02  1.60632767e+00 -3.50319141e-02
   -1.53398455e-02  4.65980237e-03  2.17251350e-02  9.05692179e-03
    1.06253680e-02]
  [-3.95204834e+00  9.48866384e-02 -6.27742661e-01  5.87228353e-02
   -1.62943039e-02 -5.35576330e-04  6.81654758e-03 -1.55328505e-02
   -3.27005475e-03]
  [-1.00722385e-01  1.69319539e+00 -3.37405761e-03 -3.90255870e-02
    5.44172655e-02 -2.39252953e-02 -2.48539213e-03 -3.18898145e-02
    8.10123378e-04]]

 [[ 8.13675433e+00  3.14271115e-02  1.35313960e+00  2.38598081e-02
    4.34063946e-02 -5.93262079e-03  1.74621719e-02  5.06106247e-03
    1.00310332e-02]
  [-6.30747365e+00  2.40894122e-02 -9.06142316e-01  2.12170098e-02
   -3.02829353e-02 -1.55638729e-02 -4.28477867e-03 -1.18520825e-02
   -7.64537139e-03]
  [ 1.56523070e-02  1.59982311e+00 -7.63835200e-04  2.24582057e-02
    1.04432292e-03 -1.87452095e-02 -2.75877372e-03 -3.28208088e-02
    1.72527383e-04]]

 [[-1.30816631e+00 -1.57021299e-01 -4.91906005e-01  7.25627834e-02
    5.53562016e-02 -1.34218765e-02  2.80183778e-03  1.41126690e-02
    2.98061298e-03]
  [ 1.01798425e+01 -2.90268672e-02  1.69500065e+00 -2.75886632e-02
    5.55927504e-02  1.52248529e-02 -4.53762824e-03 -4.11147852e-03
    2.17923352e-02]
  [ 1.20586610e-01 -1.73395588e+00 -8.40705208e-03 -1.75832626e-02
   -6.53958951e-02  2.70372335e-02  4.03222330e-03  1.15053782e-02
   -1.50756039e-02]]

 [[-3.95204834e+00  9.48866384e-02 -6.27742661e-01  5.87228353e-02
   -1.62943039e-02 -5.35576330e-04  6.81654758e-03 -1.55328505e-02
   -3.27005475e-03]
  [ 9.36166743e+00  3.93788793e-02  1.60632767e+00 -3.50319141e-02
   -1.53398455e-02  4.65980237e-03  2.17251350e-02  9.05692179e-03
    1.06253680e-02]
  [ 1.00722385e-01 -1.69319539e+00  3.37405761e-03  3.90255870e-02
   -5.44172655e-02  2.39252953e-02  2.48539213e-03  3.18898145e-02
   -8.10123378e-04]]

 [[-6.30747365e+00  2.40894122e-02 -9.06142316e-01  2.12170098e-02
   -3.02829353e-02 -1.55638729e-02 -4.28477867e-03 -1.18520825e-02
   -7.64537139e-03]
  [ 8.13675433e+00  3.14271115e-02  1.35313960e+00  2.38598081e-02
    4.34063946e-02 -5.93262079e-03  1.74621719e-02  5.06106247e-03
    1.00310332e-02]
  [-1.56523070e-02 -1.59982311e+00  7.63835200e-04 -2.24582057e-02
   -1.04432292e-03  1.87452095e-02  2.75877372e-03  3.28208088e-02
   -1.72527383e-04]]

 [[-1.30816631e+00 -1.57021299e-01 -4.91906005e-01  7.25627834e-02
    5.53562016e-02 -1.34218765e-02  2.80183778e-03  1.41126690e-02
    2.98061298e-03]
  [-1.01798425e+01  2.90268672e-02 -1.69500065e+00  2.75886632e-02
   -5.55927504e-02 -1.52248529e-02  4.53762824e-03  4.11147852e-03
   -2.17923352e-02]
  [-1.20586610e-01  1.73395588e+00  8.40705208e-03  1.75832626e-02
    6.53958951e-02 -2.70372335e-02 -4.03222330e-03 -1.15053782e-02
    1.50756039e-02]]

 [[-3.95204834e+00  9.48866384e-02 -6.27742661e-01  5.87228353e-02
   -1.62943039e-02 -5.35576330e-04  6.81654758e-03 -1.55328505e-02
   -3.27005475e-03]
  [-9.36166743e+00 -3.93788793e-02 -1.60632767e+00  3.50319141e-02
    1.53398455e-02 -4.65980237e-03 -2.17251350e-02 -9.05692179e-03
   -1.06253680e-02]
  [-1.00722385e-01  1.69319539e+00 -3.37405761e-03 -3.90255870e-02
    5.44172655e-02 -2.39252953e-02 -2.48539213e-03 -3.18898145e-02
    8.10123378e-04]]

 [[-6.30747365e+00  2.40894122e-02 -9.06142316e-01  2.12170098e-02
   -3.02829353e-02 -1.55638729e-02 -4.28477867e-03 -1.18520825e-02
   -7.64537139e-03]
  [-8.13675433e+00 -3.14271115e-02 -1.35313960e+00 -2.38598081e-02
   -4.34063946e-02  5.93262079e-03 -1.74621719e-02 -5.06106247e-03
   -1.00310332e-02]
  [ 1.56523070e-02  1.59982311e+00 -7.63835200e-04  2.24582057e-02
    1.04432292e-03 -1.87452095e-02 -2.75877372e-03 -3.28208088e-02
    1.72527383e-04]]

 [[-1.01798425e+01  2.90268672e-02 -1.69500065e+00  2.75886632e-02
   -5.55927504e-02 -1.52248529e-02  4.53762824e-03  4.11147852e-03
   -2.17923352e-02]
  [-1.30816631e+00 -1.57021299e-01 -4.91906005e-01  7.25627834e-02
    5.53562016e-02 -1.34218765e-02  2.80183778e-03  1.41126690e-02
    2.98061298e-03]
  [ 1.20586610e-01 -1.73395588e+00 -8.40705208e-03 -1.75832626e-02
   -6.53958951e-02  2.70372335e-02  4.03222330e-03  1.15053782e-02
   -1.50756039e-02]]

 [[-9.36166743e+00 -3.93788793e-02 -1.60632767e+00  3.50319141e-02
    1.53398455e-02 -4.65980237e-03 -2.17251350e-02 -9.05692179e-03
   -1.06253680e-02]
  [-3.95204834e+00  9.48866384e-02 -6.27742661e-01  5.87228353e-02
   -1.62943039e-02 -5.35576330e-04  6.81654758e-03 -1.55328505e-02
   -3.27005475e-03]
  [ 1.00722385e-01 -1.69319539e+00  3.37405761e-03  3.90255870e-02
   -5.44172655e-02  2.39252953e-02  2.48539213e-03  3.18898145e-02
   -8.10123378e-04]]

 [[-8.13675433e+00 -3.14271115e-02 -1.35313960e+00 -2.38598081e-02
   -4.34063946e-02  5.93262079e-03 -1.74621719e-02 -5.06106247e-03
   -1.00310332e-02]
  [-6.30747365e+00  2.40894122e-02 -9.06142316e-01  2.12170098e-02
   -3.02829353e-02 -1.55638729e-02 -4.28477867e-03 -1.18520825e-02
   -7.64537139e-03]
  [-1.56523070e-02 -1.59982311e+00  7.63835200e-04 -2.24582057e-02
   -1.04432292e-03  1.87452095e-02  2.75877372e-03  3.28208088e-02
   -1.72527383e-04]]

 [[-1.01798425e+01  2.90268672e-02 -1.69500065e+00  2.75886632e-02
   -5.55927504e-02 -1.52248529e-02  4.53762824e-03  4.11147852e-03
   -2.17923352e-02]
  [ 1.30816631e+00  1.57021299e-01  4.91906005e-01 -7.25627834e-02
   -5.53562016e-02  1.34218765e-02 -2.80183778e-03 -1.41126690e-02
   -2.98061298e-03]
  [-1.20586610e-01  1.73395588e+00  8.40705208e-03  1.75832626e-02
    6.53958951e-02 -2.70372335e-02 -4.03222330e-03 -1.15053782e-02
    1.50756039e-02]]

 [[-9.36166743e+00 -3.93788793e-02 -1.60632767e+00  3.50319141e-02
    1.53398455e-02 -4.65980237e-03 -2.17251350e-02 -9.05692179e-03
   -1.06253680e-02]
  [ 3.95204834e+00 -9.48866384e-02  6.27742661e-01 -5.87228353e-02
    1.62943039e-02  5.35576330e-04 -6.81654758e-03  1.55328505e-02
    3.27005475e-03]
  [-1.00722385e-01  1.69319539e+00 -3.37405761e-03 -3.90255870e-02
    5.44172655e-02 -2.39252953e-02 -2.48539213e-03 -3.18898145e-02
    8.10123378e-04]]

 [[-8.13675433e+00 -3.14271115e-02 -1.35313960e+00 -2.38598081e-02
   -4.34063946e-02  5.93262079e-03 -1.74621719e-02 -5.06106247e-03
   -1.00310332e-02]
  [ 6.30747365e+00 -2.40894122e-02  9.06142316e-01 -2.12170098e-02
    3.02829353e-02  1.55638729e-02  4.28477867e-03  1.18520825e-02
    7.64537139e-03]
  [ 1.56523070e-02  1.59982311e+00 -7.63835200e-04  2.24582057e-02
    1.04432292e-03 -1.87452095e-02 -2.75877372e-03 -3.28208088e-02
    1.72527383e-04]]

 [[ 1.30816631e+00  1.57021299e-01  4.91906005e-01 -7.25627834e-02
   -5.53562016e-02  1.34218765e-02 -2.80183778e-03 -1.41126690e-02
   -2.98061298e-03]
  [-1.01798425e+01  2.90268672e-02 -1.69500065e+00  2.75886632e-02
   -5.55927504e-02 -1.52248529e-02  4.53762824e-03  4.11147852e-03
   -2.17923352e-02]
  [ 1.20586610e-01 -1.73395588e+00 -8.40705208e-03 -1.75832626e-02
   -6.53958951e-02  2.70372335e-02  4.03222330e-03  1.15053782e-02
   -1.50756039e-02]]

 [[ 3.95204834e+00 -9.48866384e-02  6.27742661e-01 -5.87228353e-02
    1.62943039e-02  5.35576330e-04 -6.81654758e-03  1.55328505e-02
    3.27005475e-03]
  [-9.36166743e+00 -3.93788793e-02 -1.60632767e+00  3.50319141e-02
    1.53398455e-02 -4.65980237e-03 -2.17251350e-02 -9.05692179e-03
   -1.06253680e-02]
  [ 1.00722385e-01 -1.69319539e+00  3.37405761e-03  3.90255870e-02
   -5.44172655e-02  2.39252953e-02  2.48539213e-03  3.18898145e-02
   -8.10123378e-04]]

 [[ 6.30747365e+00 -2.40894122e-02  9.06142316e-01 -2.12170098e-02
    3.02829353e-02  1.55638729e-02  4.28477867e-03  1.18520825e-02
    7.64537139e-03]
  [-8.13675433e+00 -3.14271115e-02 -1.35313960e+00 -2.38598081e-02
   -4.34063946e-02  5.93262079e-03 -1.74621719e-02 -5.06106247e-03
   -1.00310332e-02]
  [-1.56523070e-02 -1.59982311e+00  7.63835200e-04 -2.24582057e-02
   -1.04432292e-03  1.87452095e-02  2.75877372e-03  3.28208088e-02
   -1.72527383e-04]]

 [[ 1.30816631e+00  1.57021299e-01  4.91906005e-01 -7.25627834e-02
   -5.53562016e-02  1.34218765e-02 -2.80183778e-03 -1.41126690e-02
   -2.98061298e-03]
  [ 1.01798425e+01 -2.90268672e-02  1.69500065e+00 -2.75886632e-02
    5.55927504e-02  1.52248529e-02 -4.53762824e-03 -4.11147852e-03
    2.17923352e-02]
  [-1.20586610e-01  1.73395588e+00  8.40705208e-03  1.75832626e-02
    6.53958951e-02 -2.70372335e-02 -4.03222330e-03 -1.15053782e-02
    1.50756039e-02]]

 [[ 3.95204834e+00 -9.48866384e-02  6.27742661e-01 -5.87228353e-02
    1.62943039e-02  5.35576330e-04 -6.81654758e-03  1.55328505e-02
    3.27005475e-03]
  [ 9.36166743e+00  3.93788793e-02  1.60632767e+00 -3.50319141e-02
   -1.53398455e-02  4.65980237e-03  2.17251350e-02  9.05692179e-03
    1.06253680e-02]
  [-1.00722385e-01  1.69319539e+00 -3.37405761e-03 -3.90255870e-02
    5.44172655e-02 -2.39252953e-02 -2.48539213e-03 -3.18898145e-02
    8.10123378e-04]]

 [[ 6.30747365e+00 -2.40894122e-02  9.06142316e-01 -2.12170098e-02
    3.02829353e-02  1.55638729e-02  4.28477867e-03  1.18520825e-02
    7.64537139e-03]
  [ 8.13675433e+00  3.14271115e-02  1.35313960e+00  2.38598081e-02
    4.34063946e-02 -5.93262079e-03  1.74621719e-02  5.06106247e-03
    1.00310332e-02]
  [ 1.56523070e-02  1.59982311e+00 -7.63835200e-04  2.24582057e-02
    1.04432292e-03 -1.87452095e-02 -2.75877372e-03 -3.28208088e-02
    1.72527383e-04]]]
Currents degrees of freedom
[10000000. 10000000. 10000000.]
Currents Fourier coefficients
[ 10000000.  10000000.  10000000. -10000000. -10000000. -10000000.
  10000000.  10000000.  10000000. -10000000. -10000000. -10000000.
  10000000.  10000000.  10000000. -10000000. -10000000. -10000000.
  10000000.  10000000.  10000000. -10000000. -10000000. -10000000.]

nfp stellsym order
4 True 6
Degrees of freedom
[[[ 1.01555930e+01 -1.27909652e-03  1.64246573e+00 -1.38033982e-02
    2.87334932e-02  1.65259043e-03  3.79096692e-03  4.31694775e-03
   -1.74181770e-03  3.42653651e-03  3.27931722e-03  2.66619021e-03
    4.70316590e-03]
  [ 1.30418821e+00  5.42379412e-02  2.88335717e-01 -7.25031369e-02
   -7.52014671e-03 -5.24075444e-03 -2.11250222e-03 -9.53013255e-03
   -1.33471132e-03 -5.10567991e-03 -4.20885775e-04  5.19448198e-03
   -4.85103894e-04]
  [ 4.82207377e-02 -1.66230943e+00  6.13727279e-04 -2.18881002e-02
   -2.70614172e-02  6.29250820e-03 -6.46914748e-04  1.58482083e-02
    6.06304745e-04  1.17707235e-02  2.10571036e-04  1.27725973e-02
    1.04460493e-04]]

 [[ 9.40375932e+00  8.29912580e-03  1.60350290e+00  1.20470452e-02
   -4.96491897e-03  5.22252504e-03  7.86369210e-03  5.34081840e-03
   -9.36591833e-04  3.84309827e-03  2.31868541e-03  5.19965741e-04
    3.98612009e-03]
  [ 3.86275437e+00 -6.73807836e-03  7.09939774e-01 -5.38702749e-02
   -1.12280079e-02 -4.05357895e-03 -2.00920945e-04 -4.16436847e-03
   -2.70636134e-03  1.06188240e-03  3.51307694e-04  1.10161390e-02
    5.91002222e-04]
  [ 1.97830639e-02 -1.73903554e+00 -1.54753967e-03  1.53753081e-02
   -1.26086418e-02  2.62274557e-03  2.48125481e-04  1.59679286e-02
   -4.86532330e-04  1.01841391e-02 -2.65362054e-04  1.01111296e-02
   -2.48260434e-04]]

 [[ 8.08101189e+00  6.55230733e-04  1.36133640e+00  2.82254021e-02
    3.07558605e-03  1.59276623e-03  8.63956028e-03  4.04928608e-03
    3.30673393e-04  1.03484019e-03  2.36961319e-03 -5.54933043e-03
    4.09655252e-03]
  [ 6.21304880e+00 -2.60029779e-03  1.03192965e+00 -4.89377990e-02
    5.86069923e-03 -9.97845219e-04  1.54553206e-03 -1.88203046e-03
   -1.51782229e-03  3.48707599e-03  1.49471616e-03  1.25459240e-02
    2.63301565e-03]
  [ 1.63305764e-02 -1.69318790e+00 -5.74907702e-05  2.61417034e-03
   -8.85457330e-03  3.78151238e-03 -1.36556267e-03  1.71302128e-02
   -3.26617199e-04  1.05103966e-02  1.55871022e-04  1.04904071e-02
   -1.24284900e-04]]]
Fourier coefficients
[[[ 1.01555930e+01 -1.27909652e-03  1.64246573e+00 -1.38033982e-02
    2.87334932e-02  1.65259043e-03  3.79096692e-03  4.31694775e-03
   -1.74181770e-03  3.42653651e-03  3.27931722e-03  2.66619021e-03
    4.70316590e-03]
  [ 1.30418821e+00  5.42379412e-02  2.88335717e-01 -7.25031369e-02
   -7.52014671e-03 -5.24075444e-03 -2.11250222e-03 -9.53013255e-03
   -1.33471132e-03 -5.10567991e-03 -4.20885775e-04  5.19448198e-03
   -4.85103894e-04]
  [ 4.82207377e-02 -1.66230943e+00  6.13727279e-04 -2.18881002e-02
   -2.70614172e-02  6.29250820e-03 -6.46914748e-04  1.58482083e-02
    6.06304745e-04  1.17707235e-02  2.10571036e-04  1.27725973e-02
    1.04460493e-04]]

 [[ 9.40375932e+00  8.29912580e-03  1.60350290e+00  1.20470452e-02
   -4.96491897e-03  5.22252504e-03  7.86369210e-03  5.34081840e-03
   -9.36591833e-04  3.84309827e-03  2.31868541e-03  5.19965741e-04
    3.98612009e-03]
  [ 3.86275437e+00 -6.73807836e-03  7.09939774e-01 -5.38702749e-02
   -1.12280079e-02 -4.05357895e-03 -2.00920945e-04 -4.16436847e-03
   -2.70636134e-03  1.06188240e-03  3.51307694e-04  1.10161390e-02
    5.91002222e-04]
  [ 1.97830639e-02 -1.73903554e+00 -1.54753967e-03  1.53753081e-02
   -1.26086418e-02  2.62274557e-03  2.48125481e-04  1.59679286e-02
   -4.86532330e-04  1.01841391e-02 -2.65362054e-04  1.01111296e-02
   -2.48260434e-04]]

 [[ 8.08101189e+00  6.55230733e-04  1.36133640e+00  2.82254021e-02
    3.07558605e-03  1.59276623e-03  8.63956028e-03  4.04928608e-03
    3.30673393e-04  1.03484019e-03  2.36961319e-03 -5.54933043e-03
    4.09655252e-03]
  [ 6.21304880e+00 -2.60029779e-03  1.03192965e+00 -4.89377990e-02
    5.86069923e-03 -9.97845219e-04  1.54553206e-03 -1.88203046e-03
   -1.51782229e-03  3.48707599e-03  1.49471616e-03  1.25459240e-02
    2.63301565e-03]
  [ 1.63305764e-02 -1.69318790e+00 -5.74907702e-05  2.61417034e-03
   -8.85457330e-03  3.78151238e-03 -1.36556267e-03  1.71302128e-02
   -3.26617199e-04  1.05103966e-02  1.55871022e-04  1.04904071e-02
   -1.24284900e-04]]

 [[ 1.01555930e+01 -1.27909652e-03  1.64246573e+00 -1.38033982e-02
    2.87334932e-02  1.65259043e-03  3.79096692e-03  4.31694775e-03
   -1.74181770e-03  3.42653651e-03  3.27931722e-03  2.66619021e-03
    4.70316590e-03]
  [-1.30418821e+00 -5.42379412e-02 -2.88335717e-01  7.25031369e-02
    7.52014671e-03  5.24075444e-03  2.11250222e-03  9.53013255e-03
    1.33471132e-03  5.10567991e-03  4.20885775e-04 -5.19448198e-03
    4.85103894e-04]
  [-4.82207377e-02  1.66230943e+00 -6.13727279e-04  2.18881002e-02
    2.70614172e-02 -6.29250820e-03  6.46914748e-04 -1.58482083e-02
   -6.06304745e-04 -1.17707235e-02 -2.10571036e-04 -1.27725973e-02
   -1.04460493e-04]]

 [[ 9.40375932e+00  8.29912580e-03  1.60350290e+00  1.20470452e-02
   -4.96491897e-03  5.22252504e-03  7.86369210e-03  5.34081840e-03
   -9.36591833e-04  3.84309827e-03  2.31868541e-03  5.19965741e-04
    3.98612009e-03]
  [-3.86275437e+00  6.73807836e-03 -7.09939774e-01  5.38702749e-02
    1.12280079e-02  4.05357895e-03  2.00920945e-04  4.16436847e-03
    2.70636134e-03 -1.06188240e-03 -3.51307694e-04 -1.10161390e-02
   -5.91002222e-04]
  [-1.97830639e-02  1.73903554e+00  1.54753967e-03 -1.53753081e-02
    1.26086418e-02 -2.62274557e-03 -2.48125481e-04 -1.59679286e-02
    4.86532330e-04 -1.01841391e-02  2.65362054e-04 -1.01111296e-02
    2.48260434e-04]]

 [[ 8.08101189e+00  6.55230733e-04  1.36133640e+00  2.82254021e-02
    3.07558605e-03  1.59276623e-03  8.63956028e-03  4.04928608e-03
    3.30673393e-04  1.03484019e-03  2.36961319e-03 -5.54933043e-03
    4.09655252e-03]
  [-6.21304880e+00  2.60029779e-03 -1.03192965e+00  4.89377990e-02
   -5.86069923e-03  9.97845219e-04 -1.54553206e-03  1.88203046e-03
    1.51782229e-03 -3.48707599e-03 -1.49471616e-03 -1.25459240e-02
   -2.63301565e-03]
  [-1.63305764e-02  1.69318790e+00  5.74907702e-05 -2.61417034e-03
    8.85457330e-03 -3.78151238e-03  1.36556267e-03 -1.71302128e-02
    3.26617199e-04 -1.05103966e-02 -1.55871022e-04 -1.04904071e-02
    1.24284900e-04]]

 [[-1.30418821e+00 -5.42379412e-02 -2.88335717e-01  7.25031369e-02
    7.52014671e-03  5.24075444e-03  2.11250222e-03  9.53013255e-03
    1.33471132e-03  5.10567991e-03  4.20885775e-04 -5.19448198e-03
    4.85103894e-04]
  [ 1.01555930e+01 -1.27909652e-03  1.64246573e+00 -1.38033982e-02
    2.87334932e-02  1.65259043e-03  3.79096692e-03  4.31694775e-03
   -1.74181770e-03  3.42653651e-03  3.27931722e-03  2.66619021e-03
    4.70316590e-03]
  [ 4.82207377e-02 -1.66230943e+00  6.13727279e-04 -2.18881002e-02
   -2.70614172e-02  6.29250820e-03 -6.46914748e-04  1.58482083e-02
    6.06304745e-04  1.17707235e-02  2.10571036e-04  1.27725973e-02
    1.04460493e-04]]

 [[-3.86275437e+00  6.73807836e-03 -7.09939774e-01  5.38702749e-02
    1.12280079e-02  4.05357895e-03  2.00920945e-04  4.16436847e-03
    2.70636134e-03 -1.06188240e-03 -3.51307694e-04 -1.10161390e-02
   -5.91002222e-04]
  [ 9.40375932e+00  8.29912580e-03  1.60350290e+00  1.20470452e-02
   -4.96491897e-03  5.22252504e-03  7.86369210e-03  5.34081840e-03
   -9.36591833e-04  3.84309827e-03  2.31868541e-03  5.19965741e-04
    3.98612009e-03]
  [ 1.97830639e-02 -1.73903554e+00 -1.54753967e-03  1.53753081e-02
   -1.26086418e-02  2.62274557e-03  2.48125481e-04  1.59679286e-02
   -4.86532330e-04  1.01841391e-02 -2.65362054e-04  1.01111296e-02
   -2.48260434e-04]]

 [[-6.21304880e+00  2.60029779e-03 -1.03192965e+00  4.89377990e-02
   -5.86069923e-03  9.97845219e-04 -1.54553206e-03  1.88203046e-03
    1.51782229e-03 -3.48707599e-03 -1.49471616e-03 -1.25459240e-02
   -2.63301565e-03]
  [ 8.08101189e+00  6.55230733e-04  1.36133640e+00  2.82254021e-02
    3.07558605e-03  1.59276623e-03  8.63956028e-03  4.04928608e-03
    3.30673393e-04  1.03484019e-03  2.36961319e-03 -5.54933043e-03
    4.09655252e-03]
  [ 1.63305764e-02 -1.69318790e+00 -5.74907702e-05  2.61417034e-03
   -8.85457330e-03  3.78151238e-03 -1.36556267e-03  1.71302128e-02
   -3.26617199e-04  1.05103966e-02  1.55871022e-04  1.04904071e-02
   -1.24284900e-04]]

 [[-1.30418821e+00 -5.42379412e-02 -2.88335717e-01  7.25031369e-02
    7.52014671e-03  5.24075444e-03  2.11250222e-03  9.53013255e-03
    1.33471132e-03  5.10567991e-03  4.20885775e-04 -5.19448198e-03
    4.85103894e-04]
  [-1.01555930e+01  1.27909652e-03 -1.64246573e+00  1.38033982e-02
   -2.87334932e-02 -1.65259043e-03 -3.79096692e-03 -4.31694775e-03
    1.74181770e-03 -3.42653651e-03 -3.27931722e-03 -2.66619021e-03
   -4.70316590e-03]
  [-4.82207377e-02  1.66230943e+00 -6.13727279e-04  2.18881002e-02
    2.70614172e-02 -6.29250820e-03  6.46914748e-04 -1.58482083e-02
   -6.06304745e-04 -1.17707235e-02 -2.10571036e-04 -1.27725973e-02
   -1.04460493e-04]]

 [[-3.86275437e+00  6.73807836e-03 -7.09939774e-01  5.38702749e-02
    1.12280079e-02  4.05357895e-03  2.00920945e-04  4.16436847e-03
    2.70636134e-03 -1.06188240e-03 -3.51307694e-04 -1.10161390e-02
   -5.91002222e-04]
  [-9.40375932e+00 -8.29912580e-03 -1.60350290e+00 -1.20470452e-02
    4.96491897e-03 -5.22252504e-03 -7.86369210e-03 -5.34081840e-03
    9.36591833e-04 -3.84309827e-03 -2.31868541e-03 -5.19965741e-04
   -3.98612009e-03]
  [-1.97830639e-02  1.73903554e+00  1.54753967e-03 -1.53753081e-02
    1.26086418e-02 -2.62274557e-03 -2.48125481e-04 -1.59679286e-02
    4.86532330e-04 -1.01841391e-02  2.65362054e-04 -1.01111296e-02
    2.48260434e-04]]

 [[-6.21304880e+00  2.60029779e-03 -1.03192965e+00  4.89377990e-02
   -5.86069923e-03  9.97845219e-04 -1.54553206e-03  1.88203046e-03
    1.51782229e-03 -3.48707599e-03 -1.49471616e-03 -1.25459240e-02
   -2.63301565e-03]
  [-8.08101189e+00 -6.55230733e-04 -1.36133640e+00 -2.82254021e-02
   -3.07558605e-03 -1.59276623e-03 -8.63956028e-03 -4.04928608e-03
   -3.30673393e-04 -1.03484019e-03 -2.36961319e-03  5.54933043e-03
   -4.09655252e-03]
  [-1.63305764e-02  1.69318790e+00  5.74907702e-05 -2.61417034e-03
    8.85457330e-03 -3.78151238e-03  1.36556267e-03 -1.71302128e-02
    3.26617199e-04 -1.05103966e-02 -1.55871022e-04 -1.04904071e-02
    1.24284900e-04]]

 [[-1.01555930e+01  1.27909652e-03 -1.64246573e+00  1.38033982e-02
   -2.87334932e-02 -1.65259043e-03 -3.79096692e-03 -4.31694775e-03
    1.74181770e-03 -3.42653651e-03 -3.27931722e-03 -2.66619021e-03
   -4.70316590e-03]
  [-1.30418821e+00 -5.42379412e-02 -2.88335717e-01  7.25031369e-02
    7.52014671e-03  5.24075444e-03  2.11250222e-03  9.53013255e-03
    1.33471132e-03  5.10567991e-03  4.20885775e-04 -5.19448198e-03
    4.85103894e-04]
  [ 4.82207377e-02 -1.66230943e+00  6.13727279e-04 -2.18881002e-02
   -2.70614172e-02  6.29250820e-03 -6.46914748e-04  1.58482083e-02
    6.06304745e-04  1.17707235e-02  2.10571036e-04  1.27725973e-02
    1.04460493e-04]]

 [[-9.40375932e+00 -8.29912580e-03 -1.60350290e+00 -1.20470452e-02
    4.96491897e-03 -5.22252504e-03 -7.86369210e-03 -5.34081840e-03
    9.36591833e-04 -3.84309827e-03 -2.31868541e-03 -5.19965741e-04
   -3.98612009e-03]
  [-3.86275437e+00  6.73807836e-03 -7.09939774e-01  5.38702749e-02
    1.12280079e-02  4.05357895e-03  2.00920945e-04  4.16436847e-03
    2.70636134e-03 -1.06188240e-03 -3.51307694e-04 -1.10161390e-02
   -5.91002222e-04]
  [ 1.97830639e-02 -1.73903554e+00 -1.54753967e-03  1.53753081e-02
   -1.26086418e-02  2.62274557e-03  2.48125481e-04  1.59679286e-02
   -4.86532330e-04  1.01841391e-02 -2.65362054e-04  1.01111296e-02
   -2.48260434e-04]]

 [[-8.08101189e+00 -6.55230733e-04 -1.36133640e+00 -2.82254021e-02
   -3.07558605e-03 -1.59276623e-03 -8.63956028e-03 -4.04928608e-03
   -3.30673393e-04 -1.03484019e-03 -2.36961319e-03  5.54933043e-03
   -4.09655252e-03]
  [-6.21304880e+00  2.60029779e-03 -1.03192965e+00  4.89377990e-02
   -5.86069923e-03  9.97845219e-04 -1.54553206e-03  1.88203046e-03
    1.51782229e-03 -3.48707599e-03 -1.49471616e-03 -1.25459240e-02
   -2.63301565e-03]
  [ 1.63305764e-02 -1.69318790e+00 -5.74907702e-05  2.61417034e-03
   -8.85457330e-03  3.78151238e-03 -1.36556267e-03  1.71302128e-02
   -3.26617199e-04  1.05103966e-02  1.55871022e-04  1.04904071e-02
   -1.24284900e-04]]

 [[-1.01555930e+01  1.27909652e-03 -1.64246573e+00  1.38033982e-02
   -2.87334932e-02 -1.65259043e-03 -3.79096692e-03 -4.31694775e-03
    1.74181770e-03 -3.42653651e-03 -3.27931722e-03 -2.66619021e-03
   -4.70316590e-03]
  [ 1.30418821e+00  5.42379412e-02  2.88335717e-01 -7.25031369e-02
   -7.52014671e-03 -5.24075444e-03 -2.11250222e-03 -9.53013255e-03
   -1.33471132e-03 -5.10567991e-03 -4.20885775e-04  5.19448198e-03
   -4.85103894e-04]
  [-4.82207377e-02  1.66230943e+00 -6.13727279e-04  2.18881002e-02
    2.70614172e-02 -6.29250820e-03  6.46914748e-04 -1.58482083e-02
   -6.06304745e-04 -1.17707235e-02 -2.10571036e-04 -1.27725973e-02
   -1.04460493e-04]]

 [[-9.40375932e+00 -8.29912580e-03 -1.60350290e+00 -1.20470452e-02
    4.96491897e-03 -5.22252504e-03 -7.86369210e-03 -5.34081840e-03
    9.36591833e-04 -3.84309827e-03 -2.31868541e-03 -5.19965741e-04
   -3.98612009e-03]
  [ 3.86275437e+00 -6.73807836e-03  7.09939774e-01 -5.38702749e-02
   -1.12280079e-02 -4.05357895e-03 -2.00920945e-04 -4.16436847e-03
   -2.70636134e-03  1.06188240e-03  3.51307694e-04  1.10161390e-02
    5.91002222e-04]
  [-1.97830639e-02  1.73903554e+00  1.54753967e-03 -1.53753081e-02
    1.26086418e-02 -2.62274557e-03 -2.48125481e-04 -1.59679286e-02
    4.86532330e-04 -1.01841391e-02  2.65362054e-04 -1.01111296e-02
    2.48260434e-04]]

 [[-8.08101189e+00 -6.55230733e-04 -1.36133640e+00 -2.82254021e-02
   -3.07558605e-03 -1.59276623e-03 -8.63956028e-03 -4.04928608e-03
   -3.30673393e-04 -1.03484019e-03 -2.36961319e-03  5.54933043e-03
   -4.09655252e-03]
  [ 6.21304880e+00 -2.60029779e-03  1.03192965e+00 -4.89377990e-02
    5.86069923e-03 -9.97845219e-04  1.54553206e-03 -1.88203046e-03
   -1.51782229e-03  3.48707599e-03  1.49471616e-03  1.25459240e-02
    2.63301565e-03]
  [-1.63305764e-02  1.69318790e+00  5.74907702e-05 -2.61417034e-03
    8.85457330e-03 -3.78151238e-03  1.36556267e-03 -1.71302128e-02
    3.26617199e-04 -1.05103966e-02 -1.55871022e-04 -1.04904071e-02
    1.24284900e-04]]

 [[ 1.30418821e+00  5.42379412e-02  2.88335717e-01 -7.25031369e-02
   -7.52014671e-03 -5.24075444e-03 -2.11250222e-03 -9.53013255e-03
   -1.33471132e-03 -5.10567991e-03 -4.20885775e-04  5.19448198e-03
   -4.85103894e-04]
  [-1.01555930e+01  1.27909652e-03 -1.64246573e+00  1.38033982e-02
   -2.87334932e-02 -1.65259043e-03 -3.79096692e-03 -4.31694775e-03
    1.74181770e-03 -3.42653651e-03 -3.27931722e-03 -2.66619021e-03
   -4.70316590e-03]
  [ 4.82207377e-02 -1.66230943e+00  6.13727279e-04 -2.18881002e-02
   -2.70614172e-02  6.29250820e-03 -6.46914748e-04  1.58482083e-02
    6.06304745e-04  1.17707235e-02  2.10571036e-04  1.27725973e-02
    1.04460493e-04]]

 [[ 3.86275437e+00 -6.73807836e-03  7.09939774e-01 -5.38702749e-02
   -1.12280079e-02 -4.05357895e-03 -2.00920945e-04 -4.16436847e-03
   -2.70636134e-03  1.06188240e-03  3.51307694e-04  1.10161390e-02
    5.91002222e-04]
  [-9.40375932e+00 -8.29912580e-03 -1.60350290e+00 -1.20470452e-02
    4.96491897e-03 -5.22252504e-03 -7.86369210e-03 -5.34081840e-03
    9.36591833e-04 -3.84309827e-03 -2.31868541e-03 -5.19965741e-04
   -3.98612009e-03]
  [ 1.97830639e-02 -1.73903554e+00 -1.54753967e-03  1.53753081e-02
   -1.26086418e-02  2.62274557e-03  2.48125481e-04  1.59679286e-02
   -4.86532330e-04  1.01841391e-02 -2.65362054e-04  1.01111296e-02
   -2.48260434e-04]]

 [[ 6.21304880e+00 -2.60029779e-03  1.03192965e+00 -4.89377990e-02
    5.86069923e-03 -9.97845219e-04  1.54553206e-03 -1.88203046e-03
   -1.51782229e-03  3.48707599e-03  1.49471616e-03  1.25459240e-02
    2.63301565e-03]
  [-8.08101189e+00 -6.55230733e-04 -1.36133640e+00 -2.82254021e-02
   -3.07558605e-03 -1.59276623e-03 -8.63956028e-03 -4.04928608e-03
   -3.30673393e-04 -1.03484019e-03 -2.36961319e-03  5.54933043e-03
   -4.09655252e-03]
  [ 1.63305764e-02 -1.69318790e+00 -5.74907702e-05  2.61417034e-03
   -8.85457330e-03  3.78151238e-03 -1.36556267e-03  1.71302128e-02
   -3.26617199e-04  1.05103966e-02  1.55871022e-04  1.04904071e-02
   -1.24284900e-04]]

 [[ 1.30418821e+00  5.42379412e-02  2.88335717e-01 -7.25031369e-02
   -7.52014671e-03 -5.24075444e-03 -2.11250222e-03 -9.53013255e-03
   -1.33471132e-03 -5.10567991e-03 -4.20885775e-04  5.19448198e-03
   -4.85103894e-04]
  [ 1.01555930e+01 -1.27909652e-03  1.64246573e+00 -1.38033982e-02
    2.87334932e-02  1.65259043e-03  3.79096692e-03  4.31694775e-03
   -1.74181770e-03  3.42653651e-03  3.27931722e-03  2.66619021e-03
    4.70316590e-03]
  [-4.82207377e-02  1.66230943e+00 -6.13727279e-04  2.18881002e-02
    2.70614172e-02 -6.29250820e-03  6.46914748e-04 -1.58482083e-02
   -6.06304745e-04 -1.17707235e-02 -2.10571036e-04 -1.27725973e-02
   -1.04460493e-04]]

 [[ 3.86275437e+00 -6.73807836e-03  7.09939774e-01 -5.38702749e-02
   -1.12280079e-02 -4.05357895e-03 -2.00920945e-04 -4.16436847e-03
   -2.70636134e-03  1.06188240e-03  3.51307694e-04  1.10161390e-02
    5.91002222e-04]
  [ 9.40375932e+00  8.29912580e-03  1.60350290e+00  1.20470452e-02
   -4.96491897e-03  5.22252504e-03  7.86369210e-03  5.34081840e-03
   -9.36591833e-04  3.84309827e-03  2.31868541e-03  5.19965741e-04
    3.98612009e-03]
  [-1.97830639e-02  1.73903554e+00  1.54753967e-03 -1.53753081e-02
    1.26086418e-02 -2.62274557e-03 -2.48125481e-04 -1.59679286e-02
    4.86532330e-04 -1.01841391e-02  2.65362054e-04 -1.01111296e-02
    2.48260434e-04]]

 [[ 6.21304880e+00 -2.60029779e-03  1.03192965e+00 -4.89377990e-02
    5.86069923e-03 -9.97845219e-04  1.54553206e-03 -1.88203046e-03
   -1.51782229e-03  3.48707599e-03  1.49471616e-03  1.25459240e-02
    2.63301565e-03]
  [ 8.08101189e+00  6.55230733e-04  1.36133640e+00  2.82254021e-02
    3.07558605e-03  1.59276623e-03  8.63956028e-03  4.04928608e-03
    3.30673393e-04  1.03484019e-03  2.36961319e-03 -5.54933043e-03
    4.09655252e-03]
  [-1.63305764e-02  1.69318790e+00  5.74907702e-05 -2.61417034e-03
    8.85457330e-03 -3.78151238e-03  1.36556267e-03 -1.71302128e-02
    3.26617199e-04 -1.05103966e-02 -1.55871022e-04 -1.04904071e-02
    1.24284900e-04]]]
Currents degrees of freedom
[10000000. 10000000. 10000000.]
Currents Fourier coefficients
[ 10000000.  10000000.  10000000. -10000000. -10000000. -10000000.
  10000000.  10000000.  10000000. -10000000. -10000000. -10000000.
  10000000.  10000000.  10000000. -10000000. -10000000. -10000000.
  10000000.  10000000.  10000000. -10000000. -10000000. -10000000.]

nfp stellsym order
4 True 5
Degrees of freedom
[[[ 1.01623316e+01  2.75344964e-02  1.69580890e+00 -1.06750834e-02
    5.91653945e-02 -1.18374404e-02  1.47951539e-02  2.29895269e-02
   -1.21461026e-02  2.47763345e-02  1.25509761e-02]
  [ 1.30827450e+00  1.15928935e-01  4.23661856e-01 -1.29701368e-01
   -5.98719766e-02  4.03434120e-03 -3.54974247e-03 -1.04275701e-01
   -1.23196657e-02 -3.12599114e-02 -8.87759572e-03]
  [ 9.37528338e-02 -1.71950127e+00 -4.92939204e-04 -8.03732652e-02
   -6.07711124e-02 -5.00495116e-03 -1.02847589e-02  6.78914542e-02
    8.76473774e-03  4.37202514e-02  1.14090373e-02]]

 [[ 9.33149559e+00  9.21083405e-02  1.59195379e+00 -7.96634386e-03
   -1.95323680e-02 -3.36472911e-03  3.19609731e-02  4.21981129e-02
   -2.04936698e-02  7.37794350e-03  2.20417326e-02]
  [ 3.88838037e+00 -1.12036637e-01  6.85392802e-01 -6.40464075e-02
    6.98105039e-03  2.14098493e-02 -2.02245290e-03 -6.80284984e-02
   -1.71469407e-02  1.87743738e-02  2.01170426e-03]
  [ 6.35500162e-02 -1.64312902e+00 -1.65119557e-03  6.02369016e-02
   -4.21786825e-02  7.04882913e-03 -6.19953710e-03  7.80444933e-02
    6.33845211e-03  3.77761093e-02  3.21921288e-03]]

 [[ 8.13309724e+00 -1.39962523e-02  1.44981471e+00  6.04856742e-03
    1.23207135e-02 -1.20068527e-02  6.63692522e-03  6.29843784e-02
   -2.25887101e-02  1.83788952e-03  1.25513030e-02]
  [ 6.22080881e+00  4.06431766e-02  9.78791184e-01 -2.50872952e-02
    7.30487511e-02  4.34794670e-02  8.91612072e-03 -6.69911040e-02
   -1.49800921e-02 -8.09848526e-04  1.33925229e-02]
  [-1.16417852e-03 -1.70138943e+00 -1.50460491e-02 -1.97597571e-02
    4.38545203e-03  2.08754265e-02  8.19773413e-03  6.25198951e-02
    4.94475262e-03  2.92130163e-02 -4.57158700e-03]]]
Fourier coefficients
[[[ 1.01623316e+01  2.75344964e-02  1.69580890e+00 -1.06750834e-02
    5.91653945e-02 -1.18374404e-02  1.47951539e-02  2.29895269e-02
   -1.21461026e-02  2.47763345e-02  1.25509761e-02]
  [ 1.30827450e+00  1.15928935e-01  4.23661856e-01 -1.29701368e-01
   -5.98719766e-02  4.03434120e-03 -3.54974247e-03 -1.04275701e-01
   -1.23196657e-02 -3.12599114e-02 -8.87759572e-03]
  [ 9.37528338e-02 -1.71950127e+00 -4.92939204e-04 -8.03732652e-02
   -6.07711124e-02 -5.00495116e-03 -1.02847589e-02  6.78914542e-02
    8.76473774e-03  4.37202514e-02  1.14090373e-02]]

 [[ 9.33149559e+00  9.21083405e-02  1.59195379e+00 -7.96634386e-03
   -1.95323680e-02 -3.36472911e-03  3.19609731e-02  4.21981129e-02
   -2.04936698e-02  7.37794350e-03  2.20417326e-02]
  [ 3.88838037e+00 -1.12036637e-01  6.85392802e-01 -6.40464075e-02
    6.98105039e-03  2.14098493e-02 -2.02245290e-03 -6.80284984e-02
   -1.71469407e-02  1.87743738e-02  2.01170426e-03]
  [ 6.35500162e-02 -1.64312902e+00 -1.65119557e-03  6.02369016e-02
   -4.21786825e-02  7.04882913e-03 -6.19953710e-03  7.80444933e-02
    6.33845211e-03  3.77761093e-02  3.21921288e-03]]

 [[ 8.13309724e+00 -1.39962523e-02  1.44981471e+00  6.04856742e-03
    1.23207135e-02 -1.20068527e-02  6.63692522e-03  6.29843784e-02
   -2.25887101e-02  1.83788952e-03  1.25513030e-02]
  [ 6.22080881e+00  4.06431766e-02  9.78791184e-01 -2.50872952e-02
    7.30487511e-02  4.34794670e-02  8.91612072e-03 -6.69911040e-02
   -1.49800921e-02 -8.09848526e-04  1.33925229e-02]
  [-1.16417852e-03 -1.70138943e+00 -1.50460491e-02 -1.97597571e-02
    4.38545203e-03  2.08754265e-02  8.19773413e-03  6.25198951e-02
    4.94475262e-03  2.92130163e-02 -4.57158700e-03]]

 [[ 1.01623316e+01  2.75344964e-02  1.69580890e+00 -1.06750834e-02
    5.91653945e-02 -1.18374404e-02  1.47951539e-02  2.29895269e-02
   -1.21461026e-02  2.47763345e-02  1.25509761e-02]
  [-1.30827450e+00 -1.15928935e-01 -4.23661856e-01  1.29701368e-01
    5.98719766e-02 -4.03434120e-03  3.54974247e-03  1.04275701e-01
    1.23196657e-02  3.12599114e-02  8.87759572e-03]
  [-9.37528338e-02  1.71950127e+00  4.92939204e-04  8.03732652e-02
    6.07711124e-02  5.00495116e-03  1.02847589e-02 -6.78914542e-02
   -8.76473774e-03 -4.37202514e-02 -1.14090373e-02]]

 [[ 9.33149559e+00  9.21083405e-02  1.59195379e+00 -7.96634386e-03
   -1.95323680e-02 -3.36472911e-03  3.19609731e-02  4.21981129e-02
   -2.04936698e-02  7.37794350e-03  2.20417326e-02]
  [-3.88838037e+00  1.12036637e-01 -6.85392802e-01  6.40464075e-02
   -6.98105039e-03 -2.14098493e-02  2.02245290e-03  6.80284984e-02
    1.71469407e-02 -1.87743738e-02 -2.01170426e-03]
  [-6.35500162e-02  1.64312902e+00  1.65119557e-03 -6.02369016e-02
    4.21786825e-02 -7.04882913e-03  6.19953710e-03 -7.80444933e-02
   -6.33845211e-03 -3.77761093e-02 -3.21921288e-03]]

 [[ 8.13309724e+00 -1.39962523e-02  1.44981471e+00  6.04856742e-03
    1.23207135e-02 -1.20068527e-02  6.63692522e-03  6.29843784e-02
   -2.25887101e-02  1.83788952e-03  1.25513030e-02]
  [-6.22080881e+00 -4.06431766e-02 -9.78791184e-01  2.50872952e-02
   -7.30487511e-02 -4.34794670e-02 -8.91612072e-03  6.69911040e-02
    1.49800921e-02  8.09848526e-04 -1.33925229e-02]
  [ 1.16417852e-03  1.70138943e+00  1.50460491e-02  1.97597571e-02
   -4.38545203e-03 -2.08754265e-02 -8.19773413e-03 -6.25198951e-02
   -4.94475262e-03 -2.92130163e-02  4.57158700e-03]]

 [[-1.30827450e+00 -1.15928935e-01 -4.23661856e-01  1.29701368e-01
    5.98719766e-02 -4.03434120e-03  3.54974247e-03  1.04275701e-01
    1.23196657e-02  3.12599114e-02  8.87759572e-03]
  [ 1.01623316e+01  2.75344964e-02  1.69580890e+00 -1.06750834e-02
    5.91653945e-02 -1.18374404e-02  1.47951539e-02  2.29895269e-02
   -1.21461026e-02  2.47763345e-02  1.25509761e-02]
  [ 9.37528338e-02 -1.71950127e+00 -4.92939204e-04 -8.03732652e-02
   -6.07711124e-02 -5.00495116e-03 -1.02847589e-02  6.78914542e-02
    8.76473774e-03  4.37202514e-02  1.14090373e-02]]

 [[-3.88838037e+00  1.12036637e-01 -6.85392802e-01  6.40464075e-02
   -6.98105039e-03 -2.14098493e-02  2.02245290e-03  6.80284984e-02
    1.71469407e-02 -1.87743738e-02 -2.01170426e-03]
  [ 9.33149559e+00  9.21083405e-02  1.59195379e+00 -7.96634386e-03
   -1.95323680e-02 -3.36472911e-03  3.19609731e-02  4.21981129e-02
   -2.04936698e-02  7.37794350e-03  2.20417326e-02]
  [ 6.35500162e-02 -1.64312902e+00 -1.65119557e-03  6.02369016e-02
   -4.21786825e-02  7.04882913e-03 -6.19953710e-03  7.80444933e-02
    6.33845211e-03  3.77761093e-02  3.21921288e-03]]

 [[-6.22080881e+00 -4.06431766e-02 -9.78791184e-01  2.50872952e-02
   -7.30487511e-02 -4.34794670e-02 -8.91612072e-03  6.69911040e-02
    1.49800921e-02  8.09848526e-04 -1.33925229e-02]
  [ 8.13309724e+00 -1.39962523e-02  1.44981471e+00  6.04856742e-03
    1.23207135e-02 -1.20068527e-02  6.63692522e-03  6.29843784e-02
   -2.25887101e-02  1.83788952e-03  1.25513030e-02]
  [-1.16417852e-03 -1.70138943e+00 -1.50460491e-02 -1.97597571e-02
    4.38545203e-03  2.08754265e-02  8.19773413e-03  6.25198951e-02
    4.94475262e-03  2.92130163e-02 -4.57158700e-03]]

 [[-1.30827450e+00 -1.15928935e-01 -4.23661856e-01  1.29701368e-01
    5.98719766e-02 -4.03434120e-03  3.54974247e-03  1.04275701e-01
    1.23196657e-02  3.12599114e-02  8.87759572e-03]
  [-1.01623316e+01 -2.75344964e-02 -1.69580890e+00  1.06750834e-02
   -5.91653945e-02  1.18374404e-02 -1.47951539e-02 -2.29895269e-02
    1.21461026e-02 -2.47763345e-02 -1.25509761e-02]
  [-9.37528338e-02  1.71950127e+00  4.92939204e-04  8.03732652e-02
    6.07711124e-02  5.00495116e-03  1.02847589e-02 -6.78914542e-02
   -8.76473774e-03 -4.37202514e-02 -1.14090373e-02]]

 [[-3.88838037e+00  1.12036637e-01 -6.85392802e-01  6.40464075e-02
   -6.98105039e-03 -2.14098493e-02  2.02245290e-03  6.80284984e-02
    1.71469407e-02 -1.87743738e-02 -2.01170426e-03]
  [-9.33149559e+00 -9.21083405e-02 -1.59195379e+00  7.96634386e-03
    1.95323680e-02  3.36472911e-03 -3.19609731e-02 -4.21981129e-02
    2.04936698e-02 -7.37794350e-03 -2.20417326e-02]
  [-6.35500162e-02  1.64312902e+00  1.65119557e-03 -6.02369016e-02
    4.21786825e-02 -7.04882913e-03  6.19953710e-03 -7.80444933e-02
   -6.33845211e-03 -3.77761093e-02 -3.21921288e-03]]

 [[-6.22080881e+00 -4.06431766e-02 -9.78791184e-01  2.50872952e-02
   -7.30487511e-02 -4.34794670e-02 -8.91612072e-03  6.69911040e-02
    1.49800921e-02  8.09848526e-04 -1.33925229e-02]
  [-8.13309724e+00  1.39962523e-02 -1.44981471e+00 -6.04856742e-03
   -1.23207135e-02  1.20068527e-02 -6.63692522e-03 -6.29843784e-02
    2.25887101e-02 -1.83788952e-03 -1.25513030e-02]
  [ 1.16417852e-03  1.70138943e+00  1.50460491e-02  1.97597571e-02
   -4.38545203e-03 -2.08754265e-02 -8.19773413e-03 -6.25198951e-02
   -4.94475262e-03 -2.92130163e-02  4.57158700e-03]]

 [[-1.01623316e+01 -2.75344964e-02 -1.69580890e+00  1.06750834e-02
   -5.91653945e-02  1.18374404e-02 -1.47951539e-02 -2.29895269e-02
    1.21461026e-02 -2.47763345e-02 -1.25509761e-02]
  [-1.30827450e+00 -1.15928935e-01 -4.23661856e-01  1.29701368e-01
    5.98719766e-02 -4.03434120e-03  3.54974247e-03  1.04275701e-01
    1.23196657e-02  3.12599114e-02  8.87759572e-03]
  [ 9.37528338e-02 -1.71950127e+00 -4.92939204e-04 -8.03732652e-02
   -6.07711124e-02 -5.00495116e-03 -1.02847589e-02  6.78914542e-02
    8.76473774e-03  4.37202514e-02  1.14090373e-02]]

 [[-9.33149559e+00 -9.21083405e-02 -1.59195379e+00  7.96634386e-03
    1.95323680e-02  3.36472911e-03 -3.19609731e-02 -4.21981129e-02
    2.04936698e-02 -7.37794350e-03 -2.20417326e-02]
  [-3.88838037e+00  1.12036637e-01 -6.85392802e-01  6.40464075e-02
   -6.98105039e-03 -2.14098493e-02  2.02245290e-03  6.80284984e-02
    1.71469407e-02 -1.87743738e-02 -2.01170426e-03]
  [ 6.35500162e-02 -1.64312902e+00 -1.65119557e-03  6.02369016e-02
   -4.21786825e-02  7.04882913e-03 -6.19953710e-03  7.80444933e-02
    6.33845211e-03  3.77761093e-02  3.21921288e-03]]

 [[-8.13309724e+00  1.39962523e-02 -1.44981471e+00 -6.04856742e-03
   -1.23207135e-02  1.20068527e-02 -6.63692522e-03 -6.29843784e-02
    2.25887101e-02 -1.83788952e-03 -1.25513030e-02]
  [-6.22080881e+00 -4.06431766e-02 -9.78791184e-01  2.50872952e-02
   -7.30487511e-02 -4.34794670e-02 -8.91612072e-03  6.69911040e-02
    1.49800921e-02  8.09848526e-04 -1.33925229e-02]
  [-1.16417852e-03 -1.70138943e+00 -1.50460491e-02 -1.97597571e-02
    4.38545203e-03  2.08754265e-02  8.19773413e-03  6.25198951e-02
    4.94475262e-03  2.92130163e-02 -4.57158700e-03]]

 [[-1.01623316e+01 -2.75344964e-02 -1.69580890e+00  1.06750834e-02
   -5.91653945e-02  1.18374404e-02 -1.47951539e-02 -2.29895269e-02
    1.21461026e-02 -2.47763345e-02 -1.25509761e-02]
  [ 1.30827450e+00  1.15928935e-01  4.23661856e-01 -1.29701368e-01
   -5.98719766e-02  4.03434120e-03 -3.54974247e-03 -1.04275701e-01
   -1.23196657e-02 -3.12599114e-02 -8.87759572e-03]
  [-9.37528338e-02  1.71950127e+00  4.92939204e-04  8.03732652e-02
    6.07711124e-02  5.00495116e-03  1.02847589e-02 -6.78914542e-02
   -8.76473774e-03 -4.37202514e-02 -1.14090373e-02]]

 [[-9.33149559e+00 -9.21083405e-02 -1.59195379e+00  7.96634386e-03
    1.95323680e-02  3.36472911e-03 -3.19609731e-02 -4.21981129e-02
    2.04936698e-02 -7.37794350e-03 -2.20417326e-02]
  [ 3.88838037e+00 -1.12036637e-01  6.85392802e-01 -6.40464075e-02
    6.98105039e-03  2.14098493e-02 -2.02245290e-03 -6.80284984e-02
   -1.71469407e-02  1.87743738e-02  2.01170426e-03]
  [-6.35500162e-02  1.64312902e+00  1.65119557e-03 -6.02369016e-02
    4.21786825e-02 -7.04882913e-03  6.19953710e-03 -7.80444933e-02
   -6.33845211e-03 -3.77761093e-02 -3.21921288e-03]]

 [[-8.13309724e+00  1.39962523e-02 -1.44981471e+00 -6.04856742e-03
   -1.23207135e-02  1.20068527e-02 -6.63692522e-03 -6.29843784e-02
    2.25887101e-02 -1.83788952e-03 -1.25513030e-02]
  [ 6.22080881e+00  4.06431766e-02  9.78791184e-01 -2.50872952e-02
    7.30487511e-02  4.34794670e-02  8.91612072e-03 -6.69911040e-02
   -1.49800921e-02 -8.09848526e-04  1.33925229e-02]
  [ 1.16417852e-03  1.70138943e+00  1.50460491e-02  1.97597571e-02
   -4.38545203e-03 -2.08754265e-02 -8.19773413e-03 -6.25198951e-02
   -4.94475262e-03 -2.92130163e-02  4.57158700e-03]]

 [[ 1.30827450e+00  1.15928935e-01  4.23661856e-01 -1.29701368e-01
   -5.98719766e-02  4.03434120e-03 -3.54974247e-03 -1.04275701e-01
   -1.23196657e-02 -3.12599114e-02 -8.87759572e-03]
  [-1.01623316e+01 -2.75344964e-02 -1.69580890e+00  1.06750834e-02
   -5.91653945e-02  1.18374404e-02 -1.47951539e-02 -2.29895269e-02
    1.21461026e-02 -2.47763345e-02 -1.25509761e-02]
  [ 9.37528338e-02 -1.71950127e+00 -4.92939204e-04 -8.03732652e-02
   -6.07711124e-02 -5.00495116e-03 -1.02847589e-02  6.78914542e-02
    8.76473774e-03  4.37202514e-02  1.14090373e-02]]

 [[ 3.88838037e+00 -1.12036637e-01  6.85392802e-01 -6.40464075e-02
    6.98105039e-03  2.14098493e-02 -2.02245290e-03 -6.80284984e-02
   -1.71469407e-02  1.87743738e-02  2.01170426e-03]
  [-9.33149559e+00 -9.21083405e-02 -1.59195379e+00  7.96634386e-03
    1.95323680e-02  3.36472911e-03 -3.19609731e-02 -4.21981129e-02
    2.04936698e-02 -7.37794350e-03 -2.20417326e-02]
  [ 6.35500162e-02 -1.64312902e+00 -1.65119557e-03  6.02369016e-02
   -4.21786825e-02  7.04882913e-03 -6.19953710e-03  7.80444933e-02
    6.33845211e-03  3.77761093e-02  3.21921288e-03]]

 [[ 6.22080881e+00  4.06431766e-02  9.78791184e-01 -2.50872952e-02
    7.30487511e-02  4.34794670e-02  8.91612072e-03 -6.69911040e-02
   -1.49800921e-02 -8.09848526e-04  1.33925229e-02]
  [-8.13309724e+00  1.39962523e-02 -1.44981471e+00 -6.04856742e-03
   -1.23207135e-02  1.20068527e-02 -6.63692522e-03 -6.29843784e-02
    2.25887101e-02 -1.83788952e-03 -1.25513030e-02]
  [-1.16417852e-03 -1.70138943e+00 -1.50460491e-02 -1.97597571e-02
    4.38545203e-03  2.08754265e-02  8.19773413e-03  6.25198951e-02
    4.94475262e-03  2.92130163e-02 -4.57158700e-03]]

 [[ 1.30827450e+00  1.15928935e-01  4.23661856e-01 -1.29701368e-01
   -5.98719766e-02  4.03434120e-03 -3.54974247e-03 -1.04275701e-01
   -1.23196657e-02 -3.12599114e-02 -8.87759572e-03]
  [ 1.01623316e+01  2.75344964e-02  1.69580890e+00 -1.06750834e-02
    5.91653945e-02 -1.18374404e-02  1.47951539e-02  2.29895269e-02
   -1.21461026e-02  2.47763345e-02  1.25509761e-02]
  [-9.37528338e-02  1.71950127e+00  4.92939204e-04  8.03732652e-02
    6.07711124e-02  5.00495116e-03  1.02847589e-02 -6.78914542e-02
   -8.76473774e-03 -4.37202514e-02 -1.14090373e-02]]

 [[ 3.88838037e+00 -1.12036637e-01  6.85392802e-01 -6.40464075e-02
    6.98105039e-03  2.14098493e-02 -2.02245290e-03 -6.80284984e-02
   -1.71469407e-02  1.87743738e-02  2.01170426e-03]
  [ 9.33149559e+00  9.21083405e-02  1.59195379e+00 -7.96634386e-03
   -1.95323680e-02 -3.36472911e-03  3.19609731e-02  4.21981129e-02
   -2.04936698e-02  7.37794350e-03  2.20417326e-02]
  [-6.35500162e-02  1.64312902e+00  1.65119557e-03 -6.02369016e-02
    4.21786825e-02 -7.04882913e-03  6.19953710e-03 -7.80444933e-02
   -6.33845211e-03 -3.77761093e-02 -3.21921288e-03]]

 [[ 6.22080881e+00  4.06431766e-02  9.78791184e-01 -2.50872952e-02
    7.30487511e-02  4.34794670e-02  8.91612072e-03 -6.69911040e-02
   -1.49800921e-02 -8.09848526e-04  1.33925229e-02]
  [ 8.13309724e+00 -1.39962523e-02  1.44981471e+00  6.04856742e-03
    1.23207135e-02 -1.20068527e-02  6.63692522e-03  6.29843784e-02
   -2.25887101e-02  1.83788952e-03  1.25513030e-02]
  [ 1.16417852e-03  1.70138943e+00  1.50460491e-02  1.97597571e-02
   -4.38545203e-03 -2.08754265e-02 -8.19773413e-03 -6.25198951e-02
   -4.94475262e-03 -2.92130163e-02  4.57158700e-03]]]
Currents degrees of freedom
[10000000. 10000000. 10000000.]
Currents Fourier coefficients
[ 10000000.  10000000.  10000000. -10000000. -10000000. -10000000.
  10000000.  10000000.  10000000. -10000000. -10000000. -10000000.
  10000000.  10000000.  10000000. -10000000. -10000000. -10000000.
  10000000.  10000000.  10000000. -10000000. -10000000. -10000000.]

