nfp stellsym order
3 True 2
Degrees of freedom
[[[8.393578777300513, 0.0, 3.841848837823515, 0.0, 0.0], [1.105035609728173, 0.0, 0.5057889948526999, 0.0, 0.0], [0.29657966008294456, -3.875, 0.0, 0.0, 0.0]], [[7.4340702546722595, 0.0, 3.580033188481236, 0.0, 0.0], [3.0792927231196585, 0.0, 1.482898300414723, 0.0, 0.0], [0.7160066376962473, -3.875, 0.0, 0.0, 0.0]], [[5.91319592326783, 0.0, 3.074244193628536, 0.0, 0.0], [4.537354817130571, 0.0, 2.3589505374087927, 0.0, 0.0], [0.7160066376962473, -3.875, 0.0, 0.0, 0.0]], [[4.282023850873888, 0.0, 2.358950537408793, 0.0, 0.0], [5.580442129570058, 0.0, 3.0742441936285356, 0.0, 0.0], [0.29657966008294434, -3.875, 0.0, 0.0, 0.0]]]
Currents degrees of freedom
[1.3299999999999998, 1.3299999999999998, 1.3299999999999998, 1.3299999999999998]
loss=13.365235906004179, maxtime=5.5e-05, timesteps=550, lengths=[24.34734307 24.34734307 24.34734307 24.34734307]
nfp stellsym order
3 True 2
Degrees of freedom
[[[8.393578777300513, 0.0, 3.841848837823515, 0.0, 0.0], [1.105035609728173, 0.0, 0.5057889948526999, 0.0, 0.0], [0.29657966008294456, -3.875, 0.0, 0.0, 0.0]], [[7.4340702546722595, 0.0, 3.580033188481236, 0.0, 0.0], [3.0792927231196585, 0.0, 1.482898300414723, 0.0, 0.0], [0.7160066376962473, -3.875, 0.0, 0.0, 0.0]], [[5.91319592326783, 0.0, 3.074244193628536, 0.0, 0.0], [4.537354817130571, 0.0, 2.3589505374087927, 0.0, 0.0], [0.7160066376962473, -3.875, 0.0, 0.0, 0.0]], [[4.282023850873888, 0.0, 2.358950537408793, 0.0, 0.0], [5.580442129570058, 0.0, 3.0742441936285356, 0.0, 0.0], [0.29657966008294434, -3.875, 0.0, 0.0, 0.0]]]
Currents degrees of freedom
[1.3299999999999998, 1.3299999999999998, 1.3299999999999998, 1.3299999999999998]
loss=13.36523590577426, maxtime=5.5e-05, timesteps=550, lengths=[24.34734307 24.34734307 24.34734307 24.34734307]
nfp stellsym order
3 True 2
Degrees of freedom
[[[8.393578777300513, 0.0, 3.841848837823515, 0.0, 0.0], [1.105035609728173, 0.0, 0.5057889948526999, 0.0, 0.0], [0.29657966008294456, -3.875, 0.0, 0.0, 0.0]], [[7.4340702546722595, 0.0, 3.580033188481236, 0.0, 0.0], [3.0792927231196585, 0.0, 1.482898300414723, 0.0, 0.0], [0.7160066376962473, -3.875, 0.0, 0.0, 0.0]], [[5.91319592326783, 0.0, 3.074244193628536, 0.0, 0.0], [4.537354817130571, 0.0, 2.3589505374087927, 0.0, 0.0], [0.7160066376962473, -3.875, 0.0, 0.0, 0.0]], [[4.282023850873888, 0.0, 2.358950537408793, 0.0, 0.0], [5.580442129570058, 0.0, 3.0742441936285356, 0.0, 0.0], [0.29657966008294434, -3.875, 0.0, 0.0, 0.0]]]
Currents degrees of freedom
[1.3299999999999998, 1.3299999999999998, 1.3299999999999998, 1.3299999999999998]
loss=16.854150003057846, maxtime=5.5e-05, timesteps=550, lengths=[24.34734307 24.34734307 24.34734307 24.34734307]
nfp stellsym order
4 True 2
Degrees of freedom
[[[8.138563863187368, 0.0, 3.8005429615625177, 0.0, 0.0], [1.6188610050971344, 0.0, 0.755974997812497, 0.0, 0.0], [0.5480077554195742, -3.875, 0.0, 0.0, 0.0]], [[5.988237699407224, 0.0, 3.221944747672363, 0.0, 0.0], [4.0012125095269155, 0.0, 2.1528346529509585, 0.0, 0.0], [0.5480077554195744, -3.875, 0.0, 0.0, 0.0]]]
Currents degrees of freedom
[1.9949999999999999, 1.9949999999999999]
loss=371.5017323239743, maxtime=5.5e-05, timesteps=550, lengths=[24.34734307 24.34734307]
nfp stellsym order
4 True 2
Degrees of freedom
[[[8.138563863187368, 0.0, 3.8005429615625177, 0.0, 0.0], [1.6188610050971344, 0.0, 0.755974997812497, 0.0, 0.0], [0.5480077554195742, -3.875, 0.0, 0.0, 0.0]], [[5.988237699407224, 0.0, 3.221944747672363, 0.0, 0.0], [4.0012125095269155, 0.0, 2.1528346529509585, 0.0, 0.0], [0.5480077554195744, -3.875, 0.0, 0.0, 0.0]]]
Currents degrees of freedom
[1.9949999999999999, 1.9949999999999999]
loss=67.78761696855821, maxtime=1e-05, timesteps=100, lengths=[24.34734307 24.34734307]
nfp stellsym order
4 True 2
Degrees of freedom
[[[8.138563863187368, 0.0, 3.8005429615625177, 0.0, 0.0], [1.6188610050971344, 0.0, 0.755974997812497, 0.0, 0.0], [0.5480077554195742, -3.875, 0.0, 0.0, 0.0]], [[5.988237699407224, 0.0, 3.221944747672363, 0.0, 0.0], [4.0012125095269155, 0.0, 2.1528346529509585, 0.0, 0.0], [0.5480077554195744, -3.875, 0.0, 0.0, 0.0]]]
Currents degrees of freedom
[1.9949999999999999, 1.9949999999999999]
loss=69.98693244414682, maxtime=1e-05, timesteps=100, lengths=[24.34734307 24.34734307]
nfp stellsym order
4 True 2
Degrees of freedom
[[[8.138563863187368, 0.0, 3.8005429615625177, 0.0, 0.0], [1.6188610050971344, 0.0, 0.755974997812497, 0.0, 0.0], [0.5480077554195742, -3.875, 0.0, 0.0, 0.0]], [[5.988237699407224, 0.0, 3.221944747672363, 0.0, 0.0], [4.0012125095269155, 0.0, 2.1528346529509585, 0.0, 0.0], [0.5480077554195744, -3.875, 0.0, 0.0, 0.0]]]
Currents degrees of freedom
[1.9949999999999999, 1.9949999999999999]
loss=69.98693244414682, maxtime=1e-05, timesteps=100, lengths=[24.34734307 24.34734307]
nfp stellsym order
4 True 2
Degrees of freedom
[[[7.869824893156202, 0.0, 3.8005429615625177, 0.0, 0.0], [1.5654055003610643, 0.0, 0.755974997812497, 0.0, 0.0], [0.2740038777097871, -3.875, 0.0, 0.0, 0.0]], [[6.216063597375975, 0.0, 3.221944747672363, 0.0, 0.0], [4.153440907714416, 0.0, 2.1528346529509585, 0.0, 0.0], [0.2740038777097872, -3.875, 0.0, 0.0, 0.0]]]
Currents degrees of freedom
[1.9949999999999999, 1.9949999999999999]
loss=79.10811938954252, maxtime=1e-05, timesteps=100, lengths=[24.34734307 24.34734307]
nfp stellsym order
4 True 2
Degrees of freedom
[[[8.138563863187368, 0.0, 3.8005429615625177, 0.0, 0.0], [1.6188610050971344, 0.0, 0.755974997812497, 0.0, 0.0], [0.5480077554195742, -3.875, 0.0, 0.0, 0.0]], [[5.988237699407224, 0.0, 3.221944747672363, 0.0, 0.0], [4.0012125095269155, 0.0, 2.1528346529509585, 0.0, 0.0], [0.5480077554195744, -3.875, 0.0, 0.0, 0.0]]]
Currents degrees of freedom
[1.9949999999999999, 1.9949999999999999]
loss=0.5323009140081811, maxtime=1e-05, timesteps=100, lengths=[24.34734307 24.34734307]
nfp stellsym order
4 True 2
Degrees of freedom
[[[7.869824893156202, 0.0, 3.8005429615625177, 0.0, 0.0], [1.5654055003610643, 0.0, 0.755974997812497, 0.0, 0.0], [0.2740038777097871, -3.875, 0.0, 0.0, 0.0]], [[6.216063597375975, 0.0, 3.221944747672363, 0.0, 0.0], [4.153440907714416, 0.0, 2.1528346529509585, 0.0, 0.0], [0.2740038777097872, -3.875, 0.0, 0.0, 0.0]]]
Currents degrees of freedom
[1.9949999999999999, 1.9949999999999999]
loss=0.260078550754116, maxtime=1e-05, timesteps=100, lengths=[24.34734307 24.34734307]
nfp stellsym order
4 True 2
Degrees of freedom
[[[7.869824893156202, 0.0, 3.8005429615625177, 0.0, 0.0], [1.5654055003610643, 0.0, 0.755974997812497, 0.0, 0.0], [0.2740038777097871, -3.875, 0.0, 0.0, 0.0]], [[6.216063597375975, 0.0, 3.221944747672363, 0.0, 0.0], [4.153440907714416, 0.0, 2.1528346529509585, 0.0, 0.0], [0.2740038777097872, -3.875, 0.0, 0.0, 0.0]]]
Currents degrees of freedom
[1.9949999999999999, 1.9949999999999999]
loss=0.260078550754116, maxtime=1e-05, timesteps=100, lengths=[24.34734307 24.34734307]
nfp stellsym order
4 True 2
Degrees of freedom
[[[7.869824893156202, 0.0, 3.8005429615625177, 0.0, 0.0], [1.5654055003610643, 0.0, 0.755974997812497, 0.0, 0.0], [0.2740038777097871, -3.875, 0.0, 0.0, 0.0]], [[6.216063597375975, 0.0, 3.221944747672363, 0.0, 0.0], [4.153440907714416, 0.0, 2.1528346529509585, 0.0, 0.0], [0.2740038777097872, -3.875, 0.0, 0.0, 0.0]]]
Currents degrees of freedom
[1.9949999999999999, 1.9949999999999999]
loss=0.2609706585618553, maxtime=1e-05, timesteps=100, lengths=[24.34734307 24.34734307]
nfp stellsym order
4 True 2
Degrees of freedom
[[[7.869824893156202, 0.0, 3.8005429615625177, 0.0, 0.0], [1.5654055003610643, 0.0, 0.755974997812497, 0.0, 0.0], [0.2740038777097871, -3.875, 0.0, 0.0, 0.0]], [[6.216063597375975, 0.0, 3.221944747672363, 0.0, 0.0], [4.153440907714416, 0.0, 2.1528346529509585, 0.0, 0.0], [0.2740038777097872, -3.875, 0.0, 0.0, 0.0]]]
Currents degrees of freedom
[1.9949999999999999, 1.9949999999999999]
loss=0.26143786907298605, maxtime=1e-05, timesteps=100, lengths=[24.34734307 24.34734307]
nfp stellsym order
4 True 2
Degrees of freedom
[[[7.869824893156202, 0.0, 3.8005429615625177, 0.0, 0.0], [1.5654055003610643, 0.0, 0.755974997812497, 0.0, 0.0], [0.2740038777097871, -3.875, 0.0, 0.0, 0.0]], [[6.216063597375975, 0.0, 3.221944747672363, 0.0, 0.0], [4.153440907714416, 0.0, 2.1528346529509585, 0.0, 0.0], [0.2740038777097872, -3.875, 0.0, 0.0, 0.0]]]
Currents degrees of freedom
[1.9949999999999999, 1.9949999999999999]
loss=0.2620618220535647, maxtime=1e-05, timesteps=100, lengths=[24.34734307 24.34734307]
nfp stellsym order
4 True 2
Degrees of freedom
[[[7.869824893156202, 0.0, 3.8005429615625177, 0.0, 0.0], [1.5654055003610643, 0.0, 0.755974997812497, 0.0, 0.0], [0.2740038777097871, -3.875, 0.0, 0.0, 0.0]], [[6.216063597375975, 0.0, 3.221944747672363, 0.0, 0.0], [4.153440907714416, 0.0, 2.1528346529509585, 0.0, 0.0], [0.2740038777097872, -3.875, 0.0, 0.0, 0.0]]]
Currents degrees of freedom
[1.9949999999999999, 1.9949999999999999]
loss=0.2620618220535647, maxtime=1e-05, timesteps=100, lengths=[24.34734307 24.34734307]
nfp stellsym order
4 True 2
Degrees of freedom
[[[7.869824893156202, 0.0, 3.8005429615625177, 0.0, 0.0], [1.5654055003610643, 0.0, 0.755974997812497, 0.0, 0.0], [0.2740038777097871, -3.875, 0.0, 0.0, 0.0]], [[6.216063597375975, 0.0, 3.221944747672363, 0.0, 0.0], [4.153440907714416, 0.0, 2.1528346529509585, 0.0, 0.0], [0.2740038777097872, -3.875, 0.0, 0.0, 0.0]]]
Currents degrees of freedom
[1.9949999999999999, 1.9949999999999999]
loss=0.2620618220535647, maxtime=1e-05, timesteps=100, lengths=[24.34734307 24.34734307]
nfp stellsym order
4 True 2
Degrees of freedom
[[[7.869824893156202, 0.0, 3.8005429615625177, 0.0, 0.0], [1.5654055003610643, 0.0, 0.755974997812497, 0.0, 0.0], [0.2740038777097871, -3.875, 0.0, 0.0, 0.0]], [[6.216063597375975, 0.0, 3.221944747672363, 0.0, 0.0], [4.153440907714416, 0.0, 2.1528346529509585, 0.0, 0.0], [0.2740038777097872, -3.875, 0.0, 0.0, 0.0]]]
Currents degrees of freedom
[1.9949999999999999, 1.9949999999999999]
loss=0.2620618220535647, maxtime=1e-05, timesteps=100, lengths=[24.34734307 24.34734307]
nfp stellsym order
4 True 2
Degrees of freedom
[[[7.869824893156202, 0.0, 3.8005429615625177, 0.0, 0.0], [1.5654055003610643, 0.0, 0.755974997812497, 0.0, 0.0], [0.2740038777097871, -3.875, 0.0, 0.0, 0.0]], [[6.216063597375975, 0.0, 3.221944747672363, 0.0, 0.0], [4.153440907714416, 0.0, 2.1528346529509585, 0.0, 0.0], [0.2740038777097872, -3.875, 0.0, 0.0, 0.0]]]
Currents degrees of freedom
[1.9949999999999999, 1.9949999999999999]
loss=0.2620618220535647, maxtime=1e-05, timesteps=100, lengths=[24.34734307 24.34734307]
nfp stellsym order
4 True 2
Degrees of freedom
[[[7.869824893156202, 0.0, 3.8005429615625177, 0.0, 0.0], [1.5654055003610643, 0.0, 0.755974997812497, 0.0, 0.0], [0.2740038777097871, -3.875, 0.0, 0.0, 0.0]], [[6.216063597375975, 0.0, 3.221944747672363, 0.0, 0.0], [4.153440907714416, 0.0, 2.1528346529509585, 0.0, 0.0], [0.2740038777097872, -3.875, 0.0, 0.0, 0.0]]]
Currents degrees of freedom
[1.9949999999999999, 1.9949999999999999]
loss=0.2620618220535647, maxtime=1e-05, timesteps=100, lengths=[24.34734307 24.34734307]
nfp stellsym order
4 True 2
Degrees of freedom
[[[7.869824893156202, 0.0, 3.8005429615625177, 0.0, 0.0], [1.5654055003610643, 0.0, 0.755974997812497, 0.0, 0.0], [0.2740038777097871, -3.875, 0.0, 0.0, 0.0]], [[6.216063597375975, 0.0, 3.221944747672363, 0.0, 0.0], [4.153440907714416, 0.0, 2.1528346529509585, 0.0, 0.0], [0.2740038777097872, -3.875, 0.0, 0.0, 0.0]]]
Currents degrees of freedom
[1.9949999999999999, 1.9949999999999999]
loss=0.2620618220535647, maxtime=1e-05, timesteps=100, lengths=[24.34734307 24.34734307]
nfp stellsym order
4 True 2
Degrees of freedom
[[[7.869824893156202, 0.0, 3.8005429615625177, 0.0, 0.0], [1.5654055003610643, 0.0, 0.755974997812497, 0.0, 0.0], [0.2740038777097871, -3.875, 0.0, 0.0, 0.0]], [[6.216063597375975, 0.0, 3.221944747672363, 0.0, 0.0], [4.153440907714416, 0.0, 2.1528346529509585, 0.0, 0.0], [0.2740038777097872, -3.875, 0.0, 0.0, 0.0]]]
Currents degrees of freedom
[1.9949999999999999, 1.9949999999999999]
loss=0.2620618220535647, maxtime=1e-05, timesteps=100, lengths=[24.34734307 24.34734307]
