nfp stellsym order
4 True 2
Degrees of freedom
[[[8.28394718101401, -0.19152878146495997, 3.23618768183922, -0.5347501788040518, 0.4893226327373045], [1.6107844956088948, 0.2964316472784412, 1.7302869851778553, 0.10897494478281579, 0.19222781177174386], [1.3107803145490828, -3.8561689086798325, 0.23444211394937683, -0.03982444486954081, -0.26888734597428515]], [[6.401688107556935, 0.20806380496982124, 2.629145490411209, -0.14850460007505617, -0.15764141963765557], [3.7448886329919713, -0.07907479026997799, 3.071560281371799, -0.14662324421254208, 0.006301138517825387], [1.305614556312293, -3.628925403395792, -0.13605855250288615, -0.11232234848616597, -0.35778309256894714]]]
Currents degrees of freedom
[1.9949999999999999, 2.7567547271631896]
loss=0.014350883691738855, maxtime=1.5208749999999999e-05, timesteps=150, lengths=[24.34740348 24.34733993]
nfp stellsym order
4 True 2
Degrees of freedom
[[[8.28394718101401, -0.19152878146495997, 3.23618768183922, -0.5347501788040518, 0.4893226327373045], [1.6107844956088948, 0.2964316472784412, 1.7302869851778553, 0.10897494478281579, 0.19222781177174386], [1.3107803145490828, -3.8561689086798325, 0.23444211394937683, -0.03982444486954081, -0.26888734597428515]], [[6.401688107556935, 0.20806380496982124, 2.629145490411209, -0.14850460007505617, -0.15764141963765557], [3.7448886329919713, -0.07907479026997799, 3.071560281371799, -0.14662324421254208, 0.006301138517825387], [1.305614556312293, -3.628925403395792, -0.13605855250288615, -0.11232234848616597, -0.35778309256894714]]]
Currents degrees of freedom
[1.9949999999999999, 2.7567547271631896]
loss=0.014350883691738855, maxtime=1.5208749999999999e-05, timesteps=150, lengths=[24.34740348 24.34733993]
nfp stellsym order
4 True 2
Degrees of freedom
[[[8.28394718101401, -0.19152878146495997, 3.23618768183922, -0.5347501788040518, 0.4893226327373045], [1.6107844956088948, 0.2964316472784412, 1.7302869851778553, 0.10897494478281579, 0.19222781177174386], [1.3107803145490828, -3.8561689086798325, 0.23444211394937683, -0.03982444486954081, -0.26888734597428515]], [[6.401688107556935, 0.20806380496982124, 2.629145490411209, -0.14850460007505617, -0.15764141963765557], [3.7448886329919713, -0.07907479026997799, 3.071560281371799, -0.14662324421254208, 0.006301138517825387], [1.305614556312293, -3.628925403395792, -0.13605855250288615, -0.11232234848616597, -0.35778309256894714]]]
Currents degrees of freedom
[1.9949999999999999, 2.7567547271631896]
loss=0.014350883691738855, maxtime=1.5208749999999999e-05, timesteps=150, lengths=[24.34740348 24.34733993]
nfp stellsym order
4 True 2
Degrees of freedom
[[[8.28394718101401, -0.19152878146495997, 3.23618768183922, -0.5347501788040518, 0.4893226327373045], [1.6107844956088948, 0.2964316472784412, 1.7302869851778553, 0.10897494478281579, 0.19222781177174386], [1.3107803145490828, -3.8561689086798325, 0.23444211394937683, -0.03982444486954081, -0.26888734597428515]], [[6.401688107556935, 0.20806380496982124, 2.629145490411209, -0.14850460007505617, -0.15764141963765557], [3.7448886329919713, -0.07907479026997799, 3.071560281371799, -0.14662324421254208, 0.006301138517825387], [1.305614556312293, -3.628925403395792, -0.13605855250288615, -0.11232234848616597, -0.35778309256894714]]]
Currents degrees of freedom
[1.9949999999999999, 2.7567547271631896]
loss=0.014350883691738855, maxtime=1.5208749999999999e-05, timesteps=150, lengths=[24.34740348 24.34733993]
nfp stellsym order
4 True 2
Degrees of freedom
[[[8.28394718101401, -0.19152878146495997, 3.23618768183922, -0.5347501788040518, 0.4893226327373045], [1.6107844956088948, 0.2964316472784412, 1.7302869851778553, 0.10897494478281579, 0.19222781177174386], [1.3107803145490828, -3.8561689086798325, 0.23444211394937683, -0.03982444486954081, -0.26888734597428515]], [[6.401688107556935, 0.20806380496982124, 2.629145490411209, -0.14850460007505617, -0.15764141963765557], [3.7448886329919713, -0.07907479026997799, 3.071560281371799, -0.14662324421254208, 0.006301138517825387], [1.305614556312293, -3.628925403395792, -0.13605855250288615, -0.11232234848616597, -0.35778309256894714]]]
Currents degrees of freedom
[1.9949999999999999, 2.7567547271631896]
loss=0.014350883691738855, maxtime=1.5208749999999999e-05, timesteps=150, lengths=[24.34740348 24.34733993]
nfp stellsym order
4 True 2
Degrees of freedom
[[[8.28394718101401, -0.19152878146495997, 3.23618768183922, -0.5347501788040518, 0.4893226327373045], [1.6107844956088948, 0.2964316472784412, 1.7302869851778553, 0.10897494478281579, 0.19222781177174386], [1.3107803145490828, -3.8561689086798325, 0.23444211394937683, -0.03982444486954081, -0.26888734597428515]], [[6.401688107556935, 0.20806380496982124, 2.629145490411209, -0.14850460007505617, -0.15764141963765557], [3.7448886329919713, -0.07907479026997799, 3.071560281371799, -0.14662324421254208, 0.006301138517825387], [1.305614556312293, -3.628925403395792, -0.13605855250288615, -0.11232234848616597, -0.35778309256894714]]]
Currents degrees of freedom
[1.9949999999999999, 2.7567547271631896]
loss=0.014350883691738855, maxtime=1.5208749999999999e-05, timesteps=150, lengths=[24.34740348 24.34733993]
nfp stellsym order
4 True 2
Degrees of freedom
[[[8.284629763658542, -0.19044176272651367, 3.2362984437717244, -0.5727948592652051, 0.4719134467925503], [1.6103557234665917, 0.2904004025413126, 1.7300155646457331, 0.0944755637961381, 0.21277039425036579], [1.3122363455802701, -3.8571656025619636, 0.2622071323443308, -0.04678577877270339, -0.17975245319779565]], [[6.401435323537706, 0.2358634456862318, 2.62772556652802, -0.17949644256306233, -0.12593246506978878], [3.7451649454496154, -0.041898364119898196, 3.0720791228561835, -0.14860933913456634, 0.002319684274615458], [1.307023794938798, -3.6286600115124275, -0.17644135957065823, -0.12099777221780078, -0.3549433522088246]]]
Currents degrees of freedom
[1.9949999999999999, 2.7570243673517476]
loss=0.014068471039110183, maxtime=1.5208749999999999e-05, timesteps=150, lengths=[24.34763346 24.34761164]
nfp stellsym order
4 True 2
Degrees of freedom
[[[8.284629763658542, -0.19044176272651367, 3.2362984437717244, -0.5727948592652051, 0.4719134467925503], [1.6103557234665917, 0.2904004025413126, 1.7300155646457331, 0.0944755637961381, 0.21277039425036579], [1.3122363455802701, -3.8571656025619636, 0.2622071323443308, -0.04678577877270339, -0.17975245319779565]], [[6.401435323537706, 0.2358634456862318, 2.62772556652802, -0.17949644256306233, -0.12593246506978878], [3.7451649454496154, -0.041898364119898196, 3.0720791228561835, -0.14860933913456634, 0.002319684274615458], [1.307023794938798, -3.6286600115124275, -0.17644135957065823, -0.12099777221780078, -0.3549433522088246]]]
Currents degrees of freedom
[1.9949999999999999, 2.7570243673517476]
loss=0.014068471039110183, maxtime=1.5208749999999999e-05, timesteps=150, lengths=[24.34763346 24.34761164]
