nfp stellsym order
4 True 5
Degrees of freedom
[[[5.729515751745343, -0.3136757594444359, 3.158027507752832, -0.04831078367829344, -0.15582185652712108, 0.004867283068077319, -0.0801671885671626, -0.07554392256477886, 0.0439142963352509, -0.015569331288863003, 0.04536188202475212], [0.7629018837535922, 0.8841782312898228, 0.4321395140691088, -0.30481234932322765, 0.0006622528035039949, -0.2971917834630888, 0.08594218020629803, 0.03373758359886527, -0.0677061254060646, 0.16091214155655928, -0.07970229762810667], [-0.2525964918374705, -3.3750662891314955, -0.0672024898120586, 0.02400075610711188, 0.06201832783062398, 0.016622402075770655, -0.03203554178076271, 0.04663992125279067, -0.022778577544215323, 0.04348408410729887, 0.08007764739333352]], [[5.258196153754417, -0.6016444268418087, 3.238643890865548, 0.29241723750045845, -0.04145375806872879, -0.03577207920837873, -0.1635481774721018, -0.031846582211180044, -0.0009650693970974744, -0.007626570267928138, 0.009889857843255493], [3.171734562879105, 0.7406283220074154, 1.8994727059947296, -0.41220547515791367, 0.1618142604316696, -0.28625769629577574, -0.09811563699713409, -0.047104347246426544, 0.15418062216315784, -0.09137258070742295, -0.011195225920899717], [0.12971461315829805, -3.675627874789074, -0.11209331810503985, -0.10506975793608966, -0.04143422672784015, -0.05805429339175258, -0.41538568088248834, -0.023647545223502646, -0.08262456949540782, 0.04703372049613037, 0.050491327102740534]]]
Currents degrees of freedom
[1.0, 2.5138067964593707]

nfp stellsym order
4 True 7
Degrees of freedom
[[[5.946710378660572, -0.11627766420804428, 3.6182165616702404, 0.07065109324061175, 0.06092733775879855, 0.03854230806163491, -0.030230891817579333, -0.038858323857407354, 0.028614184625844682, 0.042659932264034285, 0.02486536346605459, -0.003919335966261123, -0.029106889143377345, -0.022995920002161552, -0.0014368814094732636], [1.144709094680673, 0.5807928528781384, 0.7806455560881259, -0.45895301413596906, -0.025553818299093613, -0.19661624503947914, -0.001977929715171015, 0.1019703138943491, -0.02757744688244788, -0.1345186342865886, -0.03070511054334777, 0.014118313578068151, 0.024289416008321234, 0.05751836336921737, 0.040675301617081265], [0.07870868519256517, -3.753659796983331, -0.013746498495946703, -0.026083848258583606, -0.03913257787874826, 0.094295530892421, 0.01956766459685973, -0.06091746609976243, 0.007555225649347582, -0.06824047912265714, -0.008957882165994519, 0.079658953876221, -0.023413366474978048, 0.027911054935422834, 0.019649166811928184]], [[5.1219661112841655, -0.39054563482395355, 3.067759914890258, 0.19762069290913933, 0.04346139814906584, 0.2692240604100629, 0.004025390120391379, -0.1688788860541521, 0.03214196710447513, 0.11597789472491483, 0.05575362833208773, -0.001589609589570033, -0.10038456716103619, -0.057497279189856226, 0.048531001606836224], [3.015852314039993, 0.7046288396792338, 2.1666307681654016, -0.5606043846163888, -0.1330859246712977, -0.2634953308075567, 0.0939059903063411, 0.17057019125474232, -0.02006505413974503, -0.14317511996401258, 0.006535378184616884, 0.004558947891184075, 0.003253636654524768, 0.06660791729315148, 0.014610177289102574], [0.21382929549209365, -3.594949570750995, -0.0937873339900762, -0.024938876871755822, -0.03241101916251917, 0.01985720846845698, 0.09445432113800062, -0.019565288740570022, -0.07288800094509129, -0.05872686377990684, 0.010932486164265079, 0.04467112992197405, 0.008869497466377923, -0.008846812764719169, 0.008458314326306147]]]
Currents degrees of freedom
[1.0, 1.8897436142801556]

nfp stellsym order
4 True 12
Degrees of freedom
[[[5.977843601901299, 0.05174659560216472, 3.621604153745527, -0.05353920288826762, 0.005017992169541019, 0.04710524080710592, -0.006480968887766704, 0.010911536848012597, 0.025069452223713158, -0.01356081695455679, -0.051459396609398356, 0.0043139742460349285, 0.045056401950481544, 0.002025925320790345, -0.0177409644181344, -0.003383622568055508, -0.006558084658982422, 0.0014304672599753795, 0.006332952007282982, 0.0003891225196503668, 0.0007630844765977643, -0.0007787957929651123, -0.0025254001123139946, 0.00020130060372637037, 0.0009839745778479092], [1.1986116460186853, -0.30537548535572656, 0.735562493746192, 0.3118688873084765, -0.017150105768527286, -0.258452906247317, 0.001462262273937468, -0.05773290050237549, 0.013481953369221153, 0.05890932032383049, -0.016954780537454493, -0.009220867673152588, 0.010009885254206957, -0.010756475681924539, -0.0017911301471136328, 0.011209959693906743, -0.0034656284868802073, -0.004265555240990827, 0.002427994228914479, 0.0005040169082333526, 0.0003206497673658221, 0.000449837303992282, -0.001218135331766819, -1.2544818017327619e-05, 0.0008416608281004843], [-0.018552740742847317, -3.781967714314581, 0.01196242518734939, 0.00438157570477998, 0.004010612795478365, 0.003204390327141898, -0.01146632867565089, -0.0028932512764954996, 0.0049136062324760055, 0.02979669679273029, -0.0005747025600740147, -0.03409070289495282, -0.0018709978339712852, 0.016676838704765697, 0.002583358414862776, 0.006173639843869123, -0.0016161556428305067, -0.007467199189651875, 0.00018990681542317405, 0.0006614211701266955, 0.0008843588150004163, 0.0019307907401774937, -0.0011935310003237198, -0.0012836874317663808, 0.0005555654670919006]], [[5.084093709023146, 0.3138888750681748, 3.0376933667376464, -0.28802040873594614, -0.01293568601736376, 0.16024371856793884, -0.01171176050967771, 0.06255198855400508, 0.06242248758918035, -0.04303882251536247, -0.0908550825861602, 0.002982541380113588, 0.05319296166337554, 0.005041993363548845, -0.004593980581583604, -0.0031064988172054627, -0.013028500083732677, 0.0045732693812139645, -0.00016643982768941516, -0.007881840345847603, 0.008432557189059827, 0.005576919430917869, -0.0036192562746026648, -0.00022303626816559395, -0.0029506194815513078], [3.4506696520423317, -0.43419004577867754, 2.0083711374926927, 0.3638837942473643, -0.022330710616835028, -0.24672867658222236, 0.04046898989359397, -0.05205314772204717, -0.005292828433185157, 0.04700781490172542, -0.0532412970374665, -0.010269841068596785, 0.06034814792865087, -0.0029682097176542835, -0.024662492866310295, 0.008138648121042619, -0.008336412783527205, -0.007559707523599285, 0.012748815683706598, 0.00526337055110772, -0.004248699093066533, -0.0014588602462338102, -0.0033991994977996204, -0.0013433251867439751, 0.0048260607355858545], [0.11545451038262478, -3.7195373876731272, -0.013231259479794028, -0.0035648287501340733, -0.08690962560064504, -0.03124733495005482, 0.040897012307662725, 0.01921846362732545, 0.015984596462502696, 0.057399727410669045, -0.029889604720559577, -0.06534379119917828, 0.014796626740326009, 0.020241707854233036, 0.002085000987841749, 0.017502474019319713, -0.007419133324896467, -0.014730223454809028, 0.005323677408019464, 0.0009536958434175425, -0.001357295614705709, 0.004523301152509669, -0.0018131496477939062, -0.00390198611685083, 0.002351719968241128]]]
Currents degrees of freedom
[1.0, 1.6206907947166749]

nfp stellsym order
2 True 5
Degrees of freedom
[[[7.601085923125035, 0.0, 4.750678701953148, 0.0, 0.0, 0.0, 0.0, 0.0, 0.0, 0.0, 0.0], [1.511949995624994, 0.0, 0.9449687472656212, 0.0, 0.0, 0.0, 0.0, 0.0, 0.0, 0.0, 0.0], [0.0, -4.84375, 0.0, 0.0, 0.0, 0.0, 0.0, 0.0, 0.0, 0.0, 0.0]], [[6.443889495344726, 0.0, 4.027430934590454, 0.0, 0.0, 0.0, 0.0, 0.0, 0.0, 0.0, 0.0], [4.305669305901917, 0.0, 2.691043316188698, 0.0, 0.0, 0.0, 0.0, 0.0, 0.0, 0.0, 0.0], [0.0, -4.84375, 0.0, 0.0, 0.0, 0.0, 0.0, 0.0, 0.0, 0.0, 0.0]], [[4.305669305901918, 0.0, 2.6910433161886984, 0.0, 0.0, 0.0, 0.0, 0.0, 0.0, 0.0, 0.0], [6.443889495344726, 0.0, 4.027430934590454, 0.0, 0.0, 0.0, 0.0, 0.0, 0.0, 0.0, 0.0], [0.0, -4.84375, 0.0, 0.0, 0.0, 0.0, 0.0, 0.0, 0.0, 0.0, 0.0]], [[1.5119499956249947, 0.0, 0.9449687472656216, 0.0, 0.0, 0.0, 0.0, 0.0, 0.0, 0.0, 0.0], [7.601085923125035, 0.0, 4.750678701953148, 0.0, 0.0, 0.0, 0.0, 0.0, 0.0, 0.0, 0.0], [0.0, -4.84375, 0.0, 0.0, 0.0, 0.0, 0.0, 0.0, 0.0, 0.0, 0.0]]]
Currents degrees of freedom
[1.5489130434782608, 1.5489130434782608, 1.5489130434782608, 1.5489130434782608]

nfp stellsym order
2 True 5
Degrees of freedom
[[[7.606160528045748, -0.005576442191231376, 4.746532960101592, 0.0046055848452357774, 0.0028820626041114617, 0.008817508710677427, -0.0006906375687829676, -0.0019140479730434003, 0.0005133412666282607, -0.001462779148289193, -0.00011842870541320991], [1.5089006125121587, 0.028941983560646967, 0.9448793486440474, -0.023729944748881012, -0.00028763941835060813, -0.043508521339187305, 0.0002103704462273548, 0.009280196841716293, 8.10406041341699e-05, 0.00723496049225257, -1.306981939853394e-05], [5.7202612845243315e-05, -4.840940461131773, -0.00017076420612713387, -0.0018074828412531798, 3.036233474645764e-05, 0.00035304180261157536, 0.00020105293967206912, -0.0005027277701968929, -2.6389179958962297e-05, 0.00022597249141046916, -4.0754923146395735e-05]], [[6.450059831684713, -0.015944579210455567, 4.021752849425639, 0.0128990140593886, 0.0014863050258724334, 0.02549416701819455, -0.0011596043479734312, -0.005160283408948928, 0.00024182167792374313, -0.003973342398853678, -1.6954216829595593e-05], [4.302360179581397, 0.024203009465227462, 2.695706549162225, -0.02051708686188888, 0.001439488021404653, -0.037779847141731764, 0.0013699158288618862, 0.0074109580968991715, 0.00020764195012276876, 0.005929199051831442, -0.0001146363005175175], [0.0009132896805479516, -4.8420922707155265, -0.0001528291901389902, -0.0014412806229417367, -0.00031024865508346534, -1.6848221619642226e-05, 0.00012447005058644303, -0.00033623993049147066, -0.00011233116435737438, 0.00019440168575843736, -3.527039079558288e-05]], [[4.311904938299602, -0.022662245789197885, 2.6843053916940813, 0.020146643227564084, -0.00023714111965064978, 0.038296651543291226, -0.00109101283576346, -0.007732252519963439, 4.955268393155721e-05, -0.0058873169174077575, 7.628579852755828e-05], [6.437126115600495, 0.015178258086692991, 4.031913203492053, -0.014307550078657322, -0.0011940944095864682, -0.025428863063736422, 0.001244926191433042, 0.004941051307828269, -0.0001978952917846443, 0.004001026944595, -3.297344115136224e-05], [0.0008589610301580658, -4.8431568823617255, 1.5449500604693567e-05, 0.0008394778539301379, -0.00025189270438059403, -0.0004389203838023552, -0.00012395943088225304, 0.00010667137092060355, -0.0001411497093620884, 0.00010132830718252503, 4.1689028888608675e-05]], [[1.5180140075743263, -0.026021099597424276, 0.9429885872706919, 0.02421955694687876, -0.0005282601369162156, 0.045521229888832684, -0.00039321022449924505, -0.00914630061325498, 6.375669465025922e-05, -0.006986821052602923, 5.389677190258031e-05], [7.593478990167187, 0.005247510352177105, 4.756361926391135, -0.005252356656400728, -0.0033749186193236186, -0.008922571248961422, 0.0012006928731180708, 0.001755123760426002, -0.0004189453857951878, 0.0014059840413340595, 0.00014098746150531687], [0.0005409993265799429, -4.847273872328342, -5.370553420618873e-05, 0.0026714888927606563, -0.00017996517281453086, -0.0008466200131533132, 1.771899647144877e-05, 0.0003055067061929363, -5.957382238572608e-05, -2.719023190148041e-05, 1.1975714566474186e-05]]]
Currents degrees of freedom
[1.5489130434782608, 1.6010590626359504, 1.5961130482135257, 1.584672814936952]

nfp stellsym order
3 True 8
Degrees of freedom
[[[9.398133056575151, 0.021516363613257917, 3.724766071228988, -0.5075216536883866, 0.7858973825839418, 0.10624941766942142, -0.28632339593652906, -0.06495284365264313, 0.0784299141054105, 0.20930091944321702, 0.07582675097604694, -0.17731766067750965, 0.009448105660003092, 0.07924733591541874, 0.01649722560121706, -0.03533126985064371, -0.11784752546373209], [1.9388827635650454, 1.472240768804383, 1.717496654421027, -0.2729088019098117, 0.29512571487026074, 0.031874606154100024, 0.006809071632722478, -0.08154951712932328, -0.05814769737848043, 0.0996130814409075, 0.10015831909679061, -0.09288179450233516, -0.0743300158681125, 0.003840422200677859, 0.06865925779481857, 0.005932366186988216, -0.10245722615713283], [0.5700478930187949, -4.455967600718482, -0.3248648103913184, -0.5844836423408988, 0.10198004242855435, 0.14361134658733152, -0.1018177754659908, -0.02986127712724975, 0.09900268886781603, 0.12599113768297696, -0.024384818168711513, -0.002072350942752801, 0.04833053303138111, 0.08638308806919856, -0.03638443872718582, 0.024628805496999025, 0.028957719044478067]], [[6.763000879941369, 0.14026211232972827, 2.6960093167677774, -0.718336339084945, 0.12002649965300298, 0.1550270464638138, 0.04664125665799642, -0.07746292756463236, 0.055010594944242965, 0.07299775988188346, -0.09884885914072462, 0.1080085877090718, -0.017169340410009296, 0.0021924255877006516, 0.021717340137466543, -0.004184570344779373, 0.008507126574164971], [3.8947624431920476, 0.2768831937747356, 3.92511940768518, -0.36530159973589843, -0.14289508268025597, 0.02572347606019852, -0.051449784283500465, 0.049067439631124976, -0.03070837318305438, 0.05625914172461495, -0.022812499268818634, 0.0848037511412972, 0.027065546573828925, -0.031201651978295917, -0.01294732805205652, -0.0691217974972895, -0.01481579516359027], [1.6284657259209065, -4.508740078067699, -0.1493014307347092, 0.17222548107333574, -0.6074649047646206, -0.005923499437286498, 0.12876825399076092, 0.03601418719519758, 0.10104967797083436, 0.024993727457335715, -0.04236024761491043, -0.05080363668406999, -0.05228194825137358, -0.052695265420154944, -0.0364305518017893, 0.00540693986393904, -0.07135302549502325]], [[4.044413170418566, 1.2482182073916246, 2.3854439694863907, -0.267798834695524, -0.3749266039533225, 0.01962549310760721, 0.06350556349593885, 0.1431408289427366, 0.0997457512545239, 0.014656186000590168, -0.005499215593488101, -0.0733801514273147, 0.1677772529116727, -0.03911591900855343, 0.04656194605333461, -0.03329896632174376, -0.033071778794224224], [4.874192781862735, -0.7449530708291936, 4.056259447041955, -0.22597759378889762, -0.5416434283217665, 0.0750853832598783, 0.03564721950389184, 0.06448233460182862, 0.11434207895488467, 0.056925468119752964, 0.06859916386630076, -0.05801821654285988, -0.025756322712834415, -0.0006924066645883656, 0.001044424703429359, 0.08222900689971442, -0.017843104084567508], [0.7075550624669974, -4.2759050623062524, -0.12777915948165766, 0.602074581344576, -0.3419032978479535, -0.10341109540336858, 0.12125779981520528, 0.111789278845535, -0.1275137842468486, 0.06599800383823255, -0.07887213831889266, 0.1549229178910134, 0.028179550916743706, 0.0690576097061692, 0.025173436186787107, 0.039485333283238444, 0.04428407133717032]]]
Currents degrees of freedom
[1.8050000000000002, 2.6974410021157063, 4.0659091437337604]

nfp stellsym order
3 True 8
Degrees of freedom
[[[9.398133056575151, 0.021516363613257917, 3.724766071228988, -0.5075216536883866, 0.7858973825839418, 0.10624941766942142, -0.28632339593652906, -0.06495284365264313, 0.0784299141054105, 0.20930091944321702, 0.07582675097604694, -0.17731766067750965, 0.009448105660003092, 0.07924733591541874, 0.01649722560121706, -0.03533126985064371, -0.11784752546373209], [1.9388827635650454, 1.472240768804383, 1.717496654421027, -0.2729088019098117, 0.29512571487026074, 0.031874606154100024, 0.006809071632722478, -0.08154951712932328, -0.05814769737848043, 0.0996130814409075, 0.10015831909679061, -0.09288179450233516, -0.0743300158681125, 0.003840422200677859, 0.06865925779481857, 0.005932366186988216, -0.10245722615713283], [0.5700478930187949, -4.455967600718482, -0.3248648103913184, -0.5844836423408988, 0.10198004242855435, 0.14361134658733152, -0.1018177754659908, -0.02986127712724975, 0.09900268886781603, 0.12599113768297696, -0.024384818168711513, -0.002072350942752801, 0.04833053303138111, 0.08638308806919856, -0.03638443872718582, 0.024628805496999025, 0.028957719044478067]], [[6.763000879941369, 0.14026211232972827, 2.6960093167677774, -0.718336339084945, 0.12002649965300298, 0.1550270464638138, 0.04664125665799642, -0.07746292756463236, 0.055010594944242965, 0.07299775988188346, -0.09884885914072462, 0.1080085877090718, -0.017169340410009296, 0.0021924255877006516, 0.021717340137466543, -0.004184570344779373, 0.008507126574164971], [3.8947624431920476, 0.2768831937747356, 3.92511940768518, -0.36530159973589843, -0.14289508268025597, 0.02572347606019852, -0.051449784283500465, 0.049067439631124976, -0.03070837318305438, 0.05625914172461495, -0.022812499268818634, 0.0848037511412972, 0.027065546573828925, -0.031201651978295917, -0.01294732805205652, -0.0691217974972895, -0.01481579516359027], [1.6284657259209065, -4.508740078067699, -0.1493014307347092, 0.17222548107333574, -0.6074649047646206, -0.005923499437286498, 0.12876825399076092, 0.03601418719519758, 0.10104967797083436, 0.024993727457335715, -0.04236024761491043, -0.05080363668406999, -0.05228194825137358, -0.052695265420154944, -0.0364305518017893, 0.00540693986393904, -0.07135302549502325]], [[4.044413170418566, 1.2482182073916246, 2.3854439694863907, -0.267798834695524, -0.3749266039533225, 0.01962549310760721, 0.06350556349593885, 0.1431408289427366, 0.0997457512545239, 0.014656186000590168, -0.005499215593488101, -0.0733801514273147, 0.1677772529116727, -0.03911591900855343, 0.04656194605333461, -0.03329896632174376, -0.033071778794224224], [4.874192781862735, -0.7449530708291936, 4.056259447041955, -0.22597759378889762, -0.5416434283217665, 0.0750853832598783, 0.03564721950389184, 0.06448233460182862, 0.11434207895488467, 0.056925468119752964, 0.06859916386630076, -0.05801821654285988, -0.025756322712834415, -0.0006924066645883656, 0.001044424703429359, 0.08222900689971442, -0.017843104084567508], [0.7075550624669974, -4.2759050623062524, -0.12777915948165766, 0.602074581344576, -0.3419032978479535, -0.10341109540336858, 0.12125779981520528, 0.111789278845535, -0.1275137842468486, 0.06599800383823255, -0.07887213831889266, 0.1549229178910134, 0.028179550916743706, 0.0690576097061692, 0.025173436186787107, 0.039485333283238444, 0.04428407133717032]]]
Currents degrees of freedom
[1.8050000000000002, 2.6974410021157063, 4.0659091437337604]

nfp stellsym order
3 True 8
Degrees of freedom
[[[16.036852767925538, 2.69590739905807, -1.947930595796152, -6.221323412403083, 3.985064869330703, 6.963867820936577, -0.6221190434394157, -5.12509321825281, -2.8346151105145805, 0.6112668103736714, 5.356483152474866, 3.3233467410939728, -5.352627788659399, -3.928607579537391, 4.305551226836016, 3.463346761749585, -1.5948125395803203], [3.478102913197635, 1.701194686092012, 1.1997985574816568, -0.3679120913951544, -1.2504224324194335, -0.5910939966599527, 1.7745146655518784, 1.0208662203890981, -0.4517611943276288, -1.1330582326880911, -0.3341138432682102, 1.3943011596913595, 0.48641830691192167, -1.5789187510533496, -0.5074196139344278, 1.7116825608290496, -0.5762655659718302], [-2.9959040437322058, -7.3926861658865395, 1.6835648937915004, 1.7884590922651746, 1.3694781682864057, -0.04291468125232081, -2.4191009993059738, -1.2206071296477363, 3.5067922272340626, 1.8435041554642375, -2.945698930631067, -0.9520754027896312, 1.7398740042373202, 2.280876149946288, -1.5593325086003058, -0.9215808985370476, 0.9327446496240043]], [[3.6577526650532097, -0.043738919151113886, 2.824712094179523, 1.552171879578962, 1.3439570069051265, 2.2033453685119624, 0.7464010604190245, 0.6754505092041729, 0.12498564697492476, -0.056769929294264165, 0.7781539953203271, 1.2014392594260144, 1.7663062404746295, 2.9392563586095113, 1.295003478067291, 2.383966647739497, -1.0287036752168015], [1.8741134078186454, -0.04143740243246008, 2.1292729651815296, -0.147544445116489, 0.3451564617043236, 0.7407824095970371, 0.6531725925566643, 0.3538247743918863, -0.47750897082952837, -0.18631482575348826, -0.3825014349020533, 0.5227474640955179, 1.84635975094902, 2.083090085030097, 2.5136179414744437, 1.85654115042108, 0.5428791705135524], [1.472695580727749, -4.150576368237481, 0.1328090522768074, 1.1791194563383902, -1.1631466695946373, -0.20619588333354413, -0.5355212574989764, 0.03695043942840698, 0.2423276437569074, 0.21068612774648238, -0.9924093721021852, -1.3180717874455323, -0.5976729973160483, -0.9428395237852369, 2.0875509446386387, 1.5313946000676715, 2.881111844502778]], [[5.177255121121204, 3.4681624017971258, 3.686176666042657, 2.1084521144680672, 0.03197056597070433, -0.7833743637665004, -0.14826259196715913, -0.6768030275094318, 0.8128983366613192, 0.8655030789487339, 1.2654948411944489, 0.7933658972005351, 0.8514114968815605, -0.7133642111700129, 0.4234693481791153, -1.0284065670782954, 0.0857855568930052], [5.712216957306265, -2.130218868869364, 4.470722924246454, -1.5984042475968663, -0.25320156876024763, 1.042305988750931, 0.585886801421966, 1.9250177425276012, 0.21964974164487158, 0.49207966727937114, -0.23242401008688016, -0.5006758081924287, 0.031527728645903, 1.0311175934496872, 0.2874552535132708, 1.301232406596378, -0.25276412540736004], [-0.21913894449019763, -5.326646115311, -0.3215152817192632, 0.6686085205570591, -0.15503995231452739, -0.5217281071620629, 0.34922997375263154, 0.24391357368680616, 0.08341258881110672, 1.2611131997174296, -0.6554276411038776, 0.3895633708967031, -0.5063942175535959, -0.4045154239447361, 0.8328244874038953, -0.1750850923904412, 0.7251972200393336]]]
Currents degrees of freedom
[1.8050000000000002, 1.3818639984533772, 3.851966205885043]

nfp stellsym order
3 True 8
Degrees of freedom
[[[9.395939577330662, 0.020989952864168156, 3.657628797614514, -0.47148166707192063, 0.7517202704726231, 0.06089211066504875, -0.25143759290008033, -0.029095670209169967, 0.06148907922580355, 0.1741039847515508, 0.07674475540808193, -0.13924514477992211, 0.010739591662158973, 0.04383090745380766, -0.003737579050541121, -0.014554402975448378, -0.08374723257032002], [1.568405561886182, 1.3048094791688696, 2.0345064796304047, -0.041002388557656026, 0.0023587212939870537, -0.2571134092976217, 0.15769250284114203, 0.23575211254133555, -0.07622625788323538, -0.1802613885851448, 0.010163217046425485, 0.08734667978571152, 0.08808316499879724, -0.06173925203745148, -0.11919102284565664, -0.007103601039763243, 0.07676144729011539], [0.4518262607950102, -4.430895923528924, -0.21527663412602727, -0.4634969360273869, 0.030160233259703788, 0.010307097782332334, -0.08140462390926431, 0.09050528929013787, 0.11385240919220399, 0.03704958446829799, -0.06858086229260264, 0.03870289941009229, 0.10885132032246495, 0.07139123558755094, -0.08463689712089306, 0.011684407975687344, 0.06826080358617444]], [[6.795056722448712, 0.17267465403351265, 2.6990926296308007, -0.675108633238575, 0.11062861284373128, 0.13208856980171904, 0.020026228838102764, -0.09217230155507662, 0.07835658548672203, 0.08645979064101432, -0.10494312894275187, 0.11370289809964729, -0.027061693609136964, -0.009340625663583908, 0.018602003499747204, 0.0028643895981920885, 0.03112019849844544], [3.8611804011276143, 0.25736161385212886, 3.9119460219996194, -0.3903782358078487, -0.1490978641756784, 0.023348018438334645, -0.030208015182771546, 0.05922795625387222, -0.03440265660411939, 0.055266348002424234, -0.011271304108326531, 0.09958401822438048, 0.023931237375525084, -0.02837802762479013, -0.019396626176585722, -0.06828051741493746, -0.027582337034475952], [1.6791171384801449, -4.442733498601948, -0.15503242163379177, 0.1676331782808205, -0.6466857014095183, -0.04408783609899782, 0.14083986948208896, 0.05066700141557498, 0.12393465629079298, 0.036672820018849486, -0.061579632031247, -0.06354885355018697, -0.06707951516807938, -0.06683403462879407, -0.026608859703126795, 0.014465677343672878, -0.05764695092072687]], [[4.3650961437436475, 1.2973660821902169, 2.5115143557972432, -0.21513587261600103, -0.3826921346906467, 0.024084165109561947, 0.04800721858140211, 0.12249461305300206, 0.08098348107657713, -0.0012947005721754504, -0.0603302936848769, -0.096311345357909, 0.10665831809155671, -0.020594935131710596, 0.00727623869866183, -0.023405201733950692, -0.05901120698835384], [4.782659739882662, -0.7617644019602978, 4.068116304093885, -0.2399852424802364, -0.5162824019487496, 0.05976838473448817, 0.04135060949324537, 0.05576174440436098, 0.11226475540589559, 0.058715805094902096, 0.06447825290047883, -0.057429092528080344, -0.031025922553349912, -0.007057999802820372, 0.004559440898375712, 0.06751558557796454, -0.01845391146069193], [0.7376664003305148, -4.329352579305528, -0.09369796529098508, 0.5902910338546618, -0.3078156414348784, -0.10349793645526753, 0.12613033804833731, 0.10170506132387719, -0.11744932082947197, 0.042987285262307266, -0.08304642998968664, 0.125838517009679, 0.010683675632496864, 0.05975385595428301, 0.004842284162548272, 0.03980250777296957, 0.028426113144061238]]]
Currents degrees of freedom
[1.8050000000000002, 2.8370861677054973, 4.070418316283221]

nfp stellsym order
4 True 6
Degrees of freedom
[[[6.845593200359956, -0.02879393780577648, 3.9390611609065673, -0.08586632191804197, -0.5424918087672543, 1.0780960070912253, -0.16357512647599887, 0.055729220531969395, -0.050558555974852544, 0.10039607215474723, 2.028776287943385, 0.15656676794639188, 0.016137513626025002], [1.2494697170430893, 0.4556468736975775, 0.8448986858363361, -0.12993346015085092, 0.45301438803852623, -0.07088562811703834, -0.13549740288323092, -0.1057547608710338, -0.2040110731628923, -0.08476403892129834, -0.28001227571736736, -21.900953605619517, -0.19874830683989259], [0.4526101077824591, -8.755785617400225, 0.1021519357486519, -0.13769257730983098, -0.11921768660909537, -0.6521482256506509, -0.013312893050364715, 0.07463261834309096, -0.1074878288931421, -0.0389969170195729, -0.16226405080576292, -0.03375261149530751, -0.14215083468438516]], [[5.126162804189429, 0.6315879601212202, 2.9553159878144895, -0.03644408066842254, -0.3533092483389286, 0.4291693653495912, -0.035882348148838804, 0.45562102288376416, 0.6175228055799296, 0.061267669143076235, 0.10005336919066764, -0.2176735856968377, 0.0189886522425106], [0.2988353463921649, 0.6637174890817227, 2.05286721203728, 0.1310106675521698, 0.822876440934216, 0.055385038713526034, -0.4314599798801083, -0.015801857743712826, -0.05197707887834615, -0.032468322631206074, -0.21069018542416454, 0.038604176976374506, 0.1495611077111836], [0.9827522834735851, -3.742261866721684, -0.6825629709572685, 0.05858254379824746, -0.5771094536726872, 0.004749212973967027, 0.500252043785526, -0.5736509592914791, 0.10977448542069783, -0.009456003684015892, -0.20921760462855646, -0.10742795280519725, -0.09883712675951782]], [[3.1332342881943753, 0.3636586256288151, 1.5009524908427578, -0.08843600587997318, -0.43636068851972865, 0.1516398443030699, -0.044275034828649446, 0.12177572105368528, 0.315202739695535, -0.23313152547225377, -0.0042400910201498155, -0.02471800546395741, 0.050613690979952365], [4.193932307884544, 0.3139180992794005, 2.459290771517528, 0.29180393016602446, 0.27892572635472906, 17.972630493217768, -0.48507890773610257, 0.07684347820898361, 0.24654477902766525, -0.1282743858109687, 0.02779230008047062, 0.07625351080303781, 0.15734621842749494], [0.17601199550941438, 6.2288014249583625, -0.5102669561124705, 0.2996941321344564, -0.2625160723463934, 0.23761940203125267, 0.2501717710516464, 0.07415976951664713, 0.12586878509040977, 0.08164345816881423, 0.07008392720219872, 0.050723714229809494, 0.09425622120110773]]]
Currents degrees of freedom
[1.3299999999999998, 4.255337625808905, 3.793119754505614]

nfp stellsym order
5 True 2
Degrees of freedom
[[[8.527232323329576, -0.0014068027783393125, 4.165252514629256, -0.03308813197948728, 0.097841591811521], [2.510287214625546, 0.03359238599190401, 1.6547098853086701, -0.020897937752306497, -0.09259886683417412], [0.04628639149650263, -5.149336096080781, -0.014575235694194475, -0.49413104314068934, -0.25795853483023334]]]
Currents degrees of freedom
[3.1919999999999997]

nfp stellsym order
4 True 7
Degrees of freedom
[[[7.424310287112448, -0.24304701396957346, 4.638595908040065, -0.25764098213165737, 0.02328537357911103, 0.024743397989844925, 0.32952422855721736, 0.0014011535333210358, 0.055247027262160554, 0.023241641911126945, -0.06219805327281819, 0.05263933850904478, -0.04093940716994274, -0.006797804685795163, 0.027743345739073222], [0.6313674927532542, 0.36454189743900023, 0.503528248378688, -0.15530431546122214, 0.40081462335989143, -0.17149255709274486, 0.1877652779696625, 0.11542711163596762, 0.09074373708351119, 0.10982660204693115, -0.0502141544531609, 0.021829166418528043, -0.13498302960887396, -0.07404900421738003, -0.053617600977422956], [0.9570652012150757, -3.7187831900579407, 0.119942449699104, 0.188066012127988, -0.6017239908039618, -0.4646769115877791, -0.17204169591782723, -0.12598916387520112, 0.20557386463935676, -0.018505997069676938, 0.16391564327861957, 0.17749373743910646, 0.0072878633357369976, 0.04051830244130164, -0.15284067729356096]], [[8.639462572492985, 0.008346012992205427, 3.3303934194275246, -0.5130208351982293, -0.323662874016721, -0.24551182034143165, -0.2362392335444936, -0.03739015910792083, -0.04028982393836922, -0.16418686450462, 0.0129983769200937, -0.27106914955259676, 0.071038599852236, 0.019354358808527025, 0.10821883949372924], [3.2179632986503903, 0.14562033647488987, 1.2729445873751228, 0.009559800910913479, 1.1387970186844671, -0.5586450238849198, -0.19965107421069048, -0.40424706204000566, 0.061735967471348026, 0.07793354217239178, 0.13380964658477043, 0.22566456313644104, 0.06321825070390717, -0.08507640967635839, -0.03603228804472132], [0.9180802826034126, -3.6131872854852722, -0.10961164292903292, -0.17308671193544603, -0.03934782250016074, 0.2183246523366376, 0.5348956318435087, 0.2025467488085112, 0.08608739213965476, 0.04700478290720232, 0.01820153059259796, -0.027213646276389766, 0.015303908504000246, 0.13016393911487642, 0.07769247389171008]], [[6.449577426079176, -0.19485372786939303, 2.725920313875082, -0.04031370471158722, -0.1177982916859585, 0.26711913010820015, -0.3426606562182448, 0.294392345690699, 0.2053469515083953, -0.1495905459203703, -0.10736871390563096, 0.06722821564090384, 0.03427653204542004, -0.0826089181165106, -0.03329420398300459], [4.683523036165624, 0.4471502043382827, 2.893350956343147, -0.6818504559083108, 0.24624590744362213, -0.144745731385716, -0.1557365968696342, -0.11045804259750074, 0.10268750127267245, -0.023767909648370392, -0.04752215469695044, -0.050474995970008874, 0.10997066206718589, 0.047824793238888295, -0.07887602727307783], [0.9895127541829115, -4.634054344465277, -0.11140974444950057, 0.19197288675717677, -0.5189612650842298, 0.22747970636401113, 0.2327277456763912, -0.02850322610483709, -0.12837899880348844, -0.0970604571568574, -0.011822969989669863, 0.059073053128587245, -0.0030917818511489417, 0.03727661970875694, -0.017092132291032215]]]
Currents degrees of freedom
[1.3299999999999998, 6.998025764568241, 6.2890989619777296]

