nfp stellsym order
2 True 4
Degrees of freedom
[[[5.480077554195744, 0.0, 2.740038777097872, 0.0, 0.0, 0.0, 0.0, 0.0, 0.0], [5.480077554195743, 0.0, 2.7400387770978716, 0.0, 0.0, 0.0, 0.0, 0.0, 0.0], [0.0, -3.875, 0.0, 0.0, 0.0, 0.0, 0.0, 0.0, 0.0]]]
Currents degrees of freedom
[7.9799999999999995]
loss=487565.39488788083, maxtime=5e-06, timesteps=50, lengths=[24.34734307]
nfp stellsym order
2 True 4
Degrees of freedom
[[[5.480077554195744, 0.0, 2.740038777097872, 0.0, 0.0, 0.0, 0.0, 0.0, 0.0], [5.480077554195743, 0.0, 2.7400387770978716, 0.0, 0.0, 0.0, 0.0, 0.0, 0.0], [0.0, -3.875, 0.0, 0.0, 0.0, 0.0, 0.0, 0.0, 0.0]]]
Currents degrees of freedom
[7.9799999999999995]
loss=487565.3948878809, maxtime=5e-06, timesteps=50, lengths=[24.34734307]
nfp stellsym order
2 True 4
Degrees of freedom
[[[5.480077554195744, 0.0, 2.740038777097872, 0.0, 0.0, 0.0, 0.0, 0.0, 0.0], [5.480077554195743, 0.0, 2.7400387770978716, 0.0, 0.0, 0.0, 0.0, 0.0, 0.0], [0.0, -3.875, 0.0, 0.0, 0.0, 0.0, 0.0, 0.0, 0.0]]]
Currents degrees of freedom
[7.9799999999999995]
loss=487565.3948878809, maxtime=5e-06, timesteps=50, lengths=[24.34734307]
nfp stellsym order
2 True 2
Degrees of freedom
[[[7.601085923125035, 0.0, 3.8005429615625177, 0.0, 0.0], [1.511949995624994, 0.0, 0.755974997812497, 0.0, 0.0], [0.0, -3.875, 0.0, 0.0, 0.0]], [[6.443889495344726, 0.0, 3.221944747672363, 0.0, 0.0], [4.305669305901917, 0.0, 2.1528346529509585, 0.0, 0.0], [0.0, -3.875, 0.0, 0.0, 0.0]], [[4.305669305901918, 0.0, 2.152834652950959, 0.0, 0.0], [6.443889495344726, 0.0, 3.221944747672363, 0.0, 0.0], [0.0, -3.875, 0.0, 0.0, 0.0]], [[1.5119499956249947, 0.0, 0.7559749978124972, 0.0, 0.0], [7.601085923125035, 0.0, 3.8005429615625177, 0.0, 0.0], [0.0, -3.875, 0.0, 0.0, 0.0]]]
Currents degrees of freedom
[1.9949999999999999, 1.9949999999999999, 1.9949999999999999, 1.9949999999999999]
loss=285367.43200977775, maxtime=5e-06, timesteps=50, lengths=[24.34734307 24.34734307 24.34734307 24.34734307]
nfp stellsym order
2 True 2
Degrees of freedom
[[[7.601085923125035, 0.0, 3.8005429615625177, 0.0, 0.0], [1.511949995624994, 0.0, 0.755974997812497, 0.0, 0.0], [0.0, -3.875, 0.0, 0.0, 0.0]], [[6.443889495344726, 0.0, 3.221944747672363, 0.0, 0.0], [4.305669305901917, 0.0, 2.1528346529509585, 0.0, 0.0], [0.0, -3.875, 0.0, 0.0, 0.0]], [[4.305669305901918, 0.0, 2.152834652950959, 0.0, 0.0], [6.443889495344726, 0.0, 3.221944747672363, 0.0, 0.0], [0.0, -3.875, 0.0, 0.0, 0.0]], [[1.5119499956249947, 0.0, 0.7559749978124972, 0.0, 0.0], [7.601085923125035, 0.0, 3.8005429615625177, 0.0, 0.0], [0.0, -3.875, 0.0, 0.0, 0.0]]]
Currents degrees of freedom
[1.9949999999999999, 1.9949999999999999, 1.9949999999999999, 1.9949999999999999]
loss=285367.43200977775, maxtime=5e-06, timesteps=50, lengths=[24.34734307 24.34734307 24.34734307 24.34734307]
nfp stellsym order
2 True 2
Degrees of freedom
[[[5.480077554195744, 0.0, 2.740038777097872, 0.0, 0.0], [5.480077554195743, 0.0, 2.7400387770978716, 0.0, 0.0], [0.0, -3.875, 0.0, 0.0, 0.0]]]
Currents degrees of freedom
[7.9799999999999995]
loss=487565.39488788083, maxtime=5e-06, timesteps=50, lengths=[24.34734307]
