nfp stellsym order
2 True 2
Degrees of freedom
[[[8.064384620640265, -0.4377039531741406, 3.730908452592749, -0.11949866656614513, -0.03111080426826911], [1.7299595601577218, -0.13923675734944216, 0.5901869466062062, -0.056168125978828726, 0.01310954751186269], [-0.4758859111409067, -3.5885296133884554, 0.48250858097902893, -0.7380369760174762, -0.716890649995432]], [[6.735946671263692, 0.3405522668132013, 3.5717516261321536, -1.3368839555743606, -0.8420539263158012], [4.363327618274863, -0.2758542675740298, 2.6309528802950157, -0.2548720808032573, -0.99145977052533], [-0.13070062055422296, -3.446794424334951, -0.09320052039563675, -1.4827050409589322, -0.148955095036927]], [[4.220255148670537, 0.6761088282140123, 2.109475808688447, -0.29351418832298287, 0.15611160512247543], [6.473572061492418, 1.1150028353087795, 3.493965690725573, -0.02728730761754435, 0.6185436783666433], [1.386714374876116, -3.7569000154610737, -1.3651761591600833, -0.1041844005795988, 0.5053218017919636]], [[1.4549929846276393, -0.5072850414892481, 0.7717247750205224, 0.9483847994749942, -0.05405548844357241], [7.235396296024984, 0.6906200247424362, 3.949989591140875, 0.4227226297417771, 0.9451513881787176], [-0.52869373622638, -3.753264825810215, -0.619458173902781, 0.3537686272259802, -2.277852723176828]]]
Currents degrees of freedom
[1.9949999999999999, 2.028386418798779, 2.0318153684287488, 2.0821629510267408]
loss=1.4357226140056019, maxtime=5e-06, timesteps=50, lengths=[24.11783592 30.3946584  26.0965116  31.65121136]
nfp stellsym order
2 True 2
Degrees of freedom
[[[8.122227108873057, -0.43427132352026593, 3.7079971668936937, -0.12246785215706099, -0.03388684693606832], [1.7526940833493685, -0.1430895627758393, 0.5839922363612419, -0.0551079797963066, -0.0014431751129927646], [-0.47905512417058144, -3.563845315666212, 0.4801457892703552, -0.7348134338061809, -0.7166355586770439]], [[6.76221569631644, 0.3436327774113997, 3.5520534510717012, -1.3197788892864721, -0.865874340056909], [4.350106733810854, -0.26403386077054497, 2.6518375068414453, -0.2698820048761526, -0.9938372123828333], [-0.13159198719736562, -3.506664491808558, -0.10771425414765676, -1.4780469248821633, -0.14209550837649906]], [[4.318199414897725, 0.6879970918239586, 2.105265455349964, -0.2972134116708628, 0.13720709235877904], [6.533773754598424, 1.105739727521201, 3.487254015695188, -0.023594654293848518, 0.6174298069223852], [1.4254162912706876, -3.775666809054513, -1.3568309305761528, -0.12453866690526838, 0.4964705942242408]], [[1.451842094071841, -0.5337810335053661, 0.7690935461749462, 0.9471736942918958, -0.04292676365169941], [7.229210385521286, 0.6971113181447665, 3.956104676198778, 0.4111029687325826, 0.9332973372226897], [-0.5325540769215231, -3.7630466285301902, -0.6195259879833417, 0.35183809232585816, -2.288577077926075]]]
Currents degrees of freedom
[1.9949999999999999, 2.0916636854826, 2.0341001736175657, 2.155873759647764]
loss=1.1576553176556827, maxtime=5e-06, timesteps=50, lengths=[23.96919256 30.48199062 26.11739952 31.7165227 ]
nfp stellsym order
2 True 2
Degrees of freedom
[[[8.360911437817636, -0.3008384592367988, 3.6688819281473095, -0.34517140009934905, -0.11937712338321164], [1.8013354559020207, 0.13949400834585507, 0.19416196526740823, -0.05502080499165449, 0.06082956274782682], [-0.5153709866492587, -3.342010058655928, 0.3621755001387673, -0.6813407091418442, -0.6563164373957503]], [[6.8930796219788535, 0.6009582078107888, 3.483206768098647, -1.3181715019033977, -0.8678972652563046], [4.373685557253912, -0.18526898025159924, 2.6774977119421397, -0.430111424322075, -0.8918579048800469], [-0.14726004533347523, -3.4713282773952536, -0.10471385487480211, -1.4161388225119202, 0.0011901253919976726]], [[4.4083581474346545, 1.071099836583389, 2.1744215716917337, 0.058680208445006814, -0.36601461276303365], [6.556953539893234, 1.0675992145423605, 3.567272705566793, -0.16783426866936238, 0.548338143150882], [1.4595730239258535, -3.6638978350108666, -1.3169892329180615, -0.026043189514986475, 0.4469314409584859]], [[1.4658855483697286, -0.8941597714763856, 0.7504868709376488, 0.9316448595517656, -0.1988206193886291], [7.224265951632467, 0.6299390508951123, 3.971350041867532, 0.4440898829026245, 0.674396417781515], [-0.36409051100907747, -3.7397866538811035, -0.8693041222851603, 0.6119097668705775, -2.2477915272037365]]]
Currents degrees of freedom
[1.9949999999999999, 2.141115153917098, 2.017038275575968, 2.209880190463982]
loss=0.6933020695142804, maxtime=5e-06, timesteps=50, lengths=[23.06635386 30.02762548 26.36914604 31.61153128]
nfp stellsym order
2 True 2
Degrees of freedom
[[[8.361145576412635, -0.30083214300814176, 3.6690157373662164, -0.34515020942588054, -0.11939030957778543], [1.8023112190735626, 0.1402149999378914, 0.1939443239550988, -0.054559877017192324, 0.06047090880835482], [-0.5153730273492352, -3.3421233799321035, 0.36216421405057764, -0.6812764672541962, -0.6563093181152242]], [[6.893450250251706, 0.6015495737862077, 3.4833208026160563, -1.3189818588500937, -0.8684010211009558], [4.373977381774974, -0.18491955386004175, 2.677624174087287, -0.4301784894818789, -0.8920527787965743], [-0.14714812037397385, -3.472062969982249, -0.1051025413388163, -1.4170785652978082, 0.0011146026267103966]], [[4.4088757283761, 1.0711798426294847, 2.175086045722526, 0.05829548444144837, -0.36612210562243463], [6.5573893750131935, 1.0679327097258597, 3.567375006443633, -0.16778717335874474, 0.5484515588981254], [1.460039036452255, -3.6642093071063786, -1.3171829724667887, -0.025427804089411466, 0.44714905043836806]], [[1.4663848749450663, -0.8940735353333729, 0.7504983303109675, 0.9316940858501105, -0.19887145543141482], [7.224403512314122, 0.6298627802893608, 3.9714332300025736, 0.44408920204995045, 0.67443488883249], [-0.3637491818155075, -3.7399329498729994, -0.8693121992619331, 0.6118809469856901, -2.2482515603112803]]]
Currents degrees of freedom
[1.9949999999999999, 2.1421602209481807, 2.017922034754425, 2.211359088661049]
loss=0.6905743242588738, maxtime=5e-06, timesteps=50, lengths=[23.06689414 30.03633804 26.37209864 31.61412747]
nfp stellsym order
2 True 2
Degrees of freedom
[[[6.805534818519578, 0.2280413964346793, 3.348130049277757, -0.19275998845241596, -0.9319778710876032], [1.933189055224869, 0.007806654515664677, 0.4507045992004412, -0.4565944055146271, 0.4980964694888543], [-0.03770653250183926, -3.0249506408646454, -0.9034765925907372, -1.4461002419388997, -0.016453649457316363]], [[6.922906332470268, 1.395212760422078, 0.527655555691347, -0.8395303826226073, -0.33221213957832185], [4.504284494734013, 0.36272075253080327, 1.5369415361782184, 0.3016917859538373, -1.165240939683284], [-0.31849303060635753, -4.3763918282671, 0.4430004524891742, -1.343208231883134, -0.0608262020949939]], [[4.3964406228968365, 0.7542554880350152, 1.7966840240579436, 0.4750208242477386, -0.12042002052749015], [6.5223232261985755, 1.3440374829935464, 3.6084048540341755, 0.10298624384705608, 0.5177173717650839], [2.196814677684785, -3.73165565375715, -0.5469326444176903, -0.11803298882461342, 0.0877943001481115]], [[1.4903439142553438, -0.5214797674473173, 1.3078295792015242, 0.8608282966085757, 0.03354299856364983], [7.274620617742958, 0.6889409860784836, 3.9209935544213512, -0.07135923814951568, -0.5141413339438089], [-0.3771287785307767, -3.232753604623819, -0.7527518654260523, 1.685445534090398, -2.1591150754088226]]]
Currents degrees of freedom
[1.9949999999999999, 2.396233768365459, 2.06902360446184, 2.282800173624219]
loss=0.4639771402015056, maxtime=5e-06, timesteps=50, lengths=[24.72192365 26.80253806 25.62312855 32.99248169]
nfp stellsym order
2 True 6
Degrees of freedom
[[[7.759541524932331, -0.13500562003535588, 3.837865484420573, 0.20559068115981657, 0.2474651017818186, 0.2650308322598392, -0.23327810692127599, -0.17285235210700675, -0.16364730305992806, -0.02024711238639494, 0.07589150492105748, 0.015194090820052707, -0.00290250397539491], [3.0374609494336307, 0.035513706584091434, 1.504112121629274, -0.6495405198556251, -0.06944944177483653, -1.0134942341177968, -0.9297027331161065, 0.29060067874450113, 0.16728950532893433, -0.04907175372966774, -0.04876633757150234, 0.0041925495751666325, -0.0003605856895936103], [0.3259601708680755, -3.602943433169324, 0.11104436413834617, -0.36794162781957185, 0.06608504147750456, 0.6753636611599415, -0.07800307830080921, 0.07943098633027208, -0.0754854153852127, -0.052978044857869805, -0.02891690685302005, 0.005034142528131004, 0.01198234818353342]], [[2.8126473932152165, 0.17677943238918986, 1.564760746750004, 0.26128665788609545, -0.2887172662986259, -0.5869694993832996, -0.3549554214008184, -0.7887765962894464, -0.16404664635956992, -0.14967341058724193, 0.1835875802339757, 0.00958806135602989, 0.026885780727691454], [6.8152296369851415, 0.05372608043676011, 3.717617202172242, 0.8822691396262079, -0.8125509191518985, 0.2189208840792114, -1.4738949575643163, 0.7979153631909912, -0.5765251437408472, -0.09273048870426276, -0.18629441726723409, -0.002296004948598443, 0.0014319386583220347], [0.5027032992207761, -3.7313895097304677, -0.11683527033599503, -0.35086298050018483, 0.04761161882255621, 1.3018775123406394, 0.2556911950030585, 0.6153875166498392, 0.4319570157841033, 0.09313088663859444, -0.13401925259477918, -0.00840667849927604, 0.0016039522126166236]]]
Currents degrees of freedom
[3.9899999999999998, 4.008436590569907]
loss=1.6264642824756628, maxtime=5e-06, timesteps=50, lengths=[32.53313831 44.93315099]
nfp stellsym order
2 True 2
Degrees of freedom
[[[7.925598815396503, -1.4756071926602095, 3.7548418560390453, 0.47056089293154874, 0.9624851214840655], [3.3201581853698814, -0.10267405623101894, 1.5542595415591776, -0.9002270009039645, -0.6663759303387545], [1.0151022583212876, -3.525410896285665, 1.0184357097106327, -1.90771679665762, 0.2639538057354565]], [[2.746049385356929, -0.08376523859212524, 1.6125727714682638, -0.1942049424062209, -0.5905102980358928], [7.608802783491604, -0.576509866217264, 3.010341198376517, 1.7291409290087572, -0.7852737898421298], [0.7073559992451444, -3.783421517108383, 2.8857369286443735, 1.2814565410376937, 1.3360500806745723]]]
Currents degrees of freedom
[3.9899999999999998, 4.466722994475452]
loss=0.12176700478000452, maxtime=5e-06, timesteps=50, lengths=[31.8027214 32.4002507]
nfp stellsym order
2 True 2
Degrees of freedom
[[[7.9109759729104665, -1.5136124077900293, 3.8057988727967684, 0.4702691811173725, 0.9243018995970372], [3.3837163458006714, -0.10853994879572298, 1.5330965570134805, -0.9067245678174406, -0.7515921462080927], [0.952204954123505, -3.575175942369087, 1.0039507129166565, -1.9408380025567518, 0.10541232960372889]], [[2.812363733736126, -0.09393785407196459, 1.6468867015765347, -0.2840504069819126, -0.5394224681692669], [7.780046556545081, -0.48784914330134505, 2.977327133703842, 1.819345455845777, -0.5234768256219885], [0.6952405095039228, -3.7358574657616637, 2.8427789529819223, 1.3491494402724549, 1.4335341468161125]]]
Currents degrees of freedom
[3.9899999999999998, 4.475854615578754]
loss=0.07232723991650626, maxtime=5e-06, timesteps=50, lengths=[32.21734399 32.71940299]
nfp stellsym order
2 True 2
Degrees of freedom
[[[7.904985441580477, -1.5294907580733161, 3.8093791847206835, 0.4674443588250405, 0.9215581652226751], [3.3906051484985484, -0.11053706791664439, 1.5418712718595973, -0.9106581977264744, -0.7471743712864792], [0.959494991929168, -3.5820736788230083, 1.005970309133658, -1.9435535185947534, 0.08927272732312577]], [[2.817266538817354, -0.09165241510496161, 1.6491857818900857, -0.27870219230387633, -0.5467558633341892], [7.777859284062541, -0.4823736470324814, 2.9801282380344363, 1.8223480421950051, -0.5154759271900239], [0.6858777432488804, -3.7430697252085734, 2.8401183607406106, 1.3447518569855288, 1.4314551030757623]]]
Currents degrees of freedom
[3.9899999999999998, 4.483598090748789]
loss=0.07211491697365505, maxtime=5e-06, timesteps=50, lengths=[32.25954929 32.72102808]
nfp stellsym order
2 True 2
Degrees of freedom
[[[7.904985441580477, -1.5294907580733161, 3.8093791847206835, 0.4674443588250405, 0.9215581652226751], [3.3906051484985484, -0.11053706791664439, 1.5418712718595973, -0.9106581977264744, -0.7471743712864792], [0.959494991929168, -3.5820736788230083, 1.005970309133658, -1.9435535185947534, 0.08927272732312577]], [[2.817266538817354, -0.09165241510496161, 1.6491857818900857, -0.27870219230387633, -0.5467558633341892], [7.777859284062541, -0.4823736470324814, 2.9801282380344363, 1.8223480421950051, -0.5154759271900239], [0.6858777432488804, -3.7430697252085734, 2.8401183607406106, 1.3447518569855288, 1.4314551030757623]]]
Currents degrees of freedom
[3.9899999999999998, 4.483598090748789]
loss=0.07211491697365505, maxtime=5e-06, timesteps=50, lengths=[32.25954929 32.72102808]
nfp stellsym order
2 True 2
Degrees of freedom
[[[7.904985441580477, -1.5294907580733161, 3.8093791847206835, 0.4674443588250405, 0.9215581652226751], [3.3906051484985484, -0.11053706791664439, 1.5418712718595973, -0.9106581977264744, -0.7471743712864792], [0.959494991929168, -3.5820736788230083, 1.005970309133658, -1.9435535185947534, 0.08927272732312577]], [[2.817266538817354, -0.09165241510496161, 1.6491857818900857, -0.27870219230387633, -0.5467558633341892], [7.777859284062541, -0.4823736470324814, 2.9801282380344363, 1.8223480421950051, -0.5154759271900239], [0.6858777432488804, -3.7430697252085734, 2.8401183607406106, 1.3447518569855288, 1.4314551030757623]]]
Currents degrees of freedom
[3.9899999999999998, 4.483598090748789]
loss=0.07211491697365505, maxtime=5e-06, timesteps=50, lengths=[32.25954929 32.72102808]
nfp stellsym order
2 True 2
Degrees of freedom
[[[7.90460782607092, -1.528899313469938, 3.808623569308851, 0.4674230703140277, 0.9214099734361048], [3.389424591817733, -0.11049186062661066, 1.541662680459724, -0.9105089984050698, -0.7471138022416608], [0.9587635053126482, -3.5819796116281393, 1.006182505098552, -1.943560156343194, 0.08906462897888119]], [[2.8168088940702436, -0.09149912783418755, 1.6494042405733982, -0.2786542102977495, -0.5469091828534387], [7.777411875968704, -0.48221852343015315, 2.980232228787263, 1.82239285035038, -0.5156418874239377], [0.6858454632462566, -3.742723899368291, 2.839982499773135, 1.3446220533395583, 1.4315469527494515]]]
Currents degrees of freedom
[3.9899999999999998, 4.482721829959051]
loss=0.06918195959967362, maxtime=5e-06, timesteps=50, lengths=[32.25615571 32.72138239]
nfp stellsym order
2 True 2
Degrees of freedom
[[[7.889085197818439, -1.4942436500771734, 3.807258437239367, 0.47491395685199406, 0.9070516295408211], [3.3926946350327016, -0.08873730143357343, 1.5064799076878603, -0.914024605277524, -0.7450219896699578], [0.9086605407166461, -3.5720949889357114, 0.9792758703049771, -1.937023542400483, 0.09198541761673677]], [[2.8142083155090276, -0.08400782570551141, 1.660481653535446, -0.26203757895968155, -0.5464037415455335], [7.816533843410021, -0.46828099479160296, 2.978044940577196, 1.8160293538081602, -0.5085037222410422], [0.6799889986204947, -3.7090047462047506, 2.8331380655162097, 1.3179421892924916, 1.413386342723735]]]
Currents degrees of freedom
[3.9899999999999998, 4.477665596389416]
loss=0.06489669460522055, maxtime=5e-06, timesteps=50, lengths=[32.12599265 32.50356463]
nfp stellsym order
2 True 2
Degrees of freedom
[[[7.889085197818439, -1.4942436500771734, 3.807258437239367, 0.47491395685199406, 0.9070516295408211], [3.3926946350327016, -0.08873730143357343, 1.5064799076878603, -0.914024605277524, -0.7450219896699578], [0.9086605407166461, -3.5720949889357114, 0.9792758703049771, -1.937023542400483, 0.09198541761673677]], [[2.8142083155090276, -0.08400782570551141, 1.660481653535446, -0.26203757895968155, -0.5464037415455335], [7.816533843410021, -0.46828099479160296, 2.978044940577196, 1.8160293538081602, -0.5085037222410422], [0.6799889986204947, -3.7090047462047506, 2.8331380655162097, 1.3179421892924916, 1.413386342723735]]]
Currents degrees of freedom
[3.9899999999999998, 4.477665596389416]
loss=0.06489669460522055, maxtime=5e-06, timesteps=50, lengths=[32.12599265 32.50356463]
nfp stellsym order
2 True 2
Degrees of freedom
[[[7.889083984445415, -1.4942424621579526, 3.8072582120396605, 0.47491363803328074, 0.9070515460073606], [3.3926941937154758, -0.08873731414111362, 1.506479436937886, -0.9140241741373928, -0.7450219602145084], [0.9086598455695128, -3.572094659692427, 0.9792756265265311, -1.937023532141952, 0.09198533221184498]], [[2.814208123514191, -0.08400776481244936, 1.6604815745756312, -0.26203751858542473, -0.5464037635741371], [7.816533480092138, -0.4682809210076463, 2.978044801490411, 1.816029264672102, -0.5085036440316425], [0.6799889902171811, -3.7090040740008146, 2.8331380007219966, 1.3179420791177296, 1.4133861532988161]]]
Currents degrees of freedom
[3.9899999999999998, 4.477665031921341]
loss=0.06489642620293976, maxtime=5e-06, timesteps=50, lengths=[32.12598792 32.50356186]
nfp stellsym order
2 True 2
Degrees of freedom
[[[7.889083984445415, -1.4942424621579526, 3.8072582120396605, 0.47491363803328074, 0.9070515460073606], [3.3926941937154758, -0.08873731414111362, 1.506479436937886, -0.9140241741373928, -0.7450219602145084], [0.9086598455695128, -3.572094659692427, 0.9792756265265311, -1.937023532141952, 0.09198533221184498]], [[2.814208123514191, -0.08400776481244936, 1.6604815745756312, -0.26203751858542473, -0.5464037635741371], [7.816533480092138, -0.4682809210076463, 2.978044801490411, 1.816029264672102, -0.5085036440316425], [0.6799889902171811, -3.7090040740008146, 2.8331380007219966, 1.3179420791177296, 1.4133861532988161]]]
Currents degrees of freedom
[3.9899999999999998, 4.477665031921341]
loss=0.06489642620293976, maxtime=5e-06, timesteps=50, lengths=[32.12598792 32.50356186]
nfp stellsym order
2 True 2
Degrees of freedom
[[[8.064384620640265, -0.4377039531741406, 3.730908452592749, -0.11949866656614513, -0.03111080426826911], [1.7299595601577218, -0.13923675734944216, 0.5901869466062062, -0.056168125978828726, 0.01310954751186269], [-0.4758859111409067, -3.5885296133884554, 0.48250858097902893, -0.7380369760174762, -0.716890649995432]], [[6.735946671263692, 0.3405522668132013, 3.5717516261321536, -1.3368839555743606, -0.8420539263158012], [4.363327618274863, -0.2758542675740298, 2.6309528802950157, -0.2548720808032573, -0.99145977052533], [-0.13070062055422296, -3.446794424334951, -0.09320052039563675, -1.4827050409589322, -0.148955095036927]], [[4.220255148670537, 0.6761088282140123, 2.109475808688447, -0.29351418832298287, 0.15611160512247543], [6.473572061492418, 1.1150028353087795, 3.493965690725573, -0.02728730761754435, 0.6185436783666433], [1.386714374876116, -3.7569000154610737, -1.3651761591600833, -0.1041844005795988, 0.5053218017919636]], [[1.4549929846276393, -0.5072850414892481, 0.7717247750205224, 0.9483847994749942, -0.05405548844357241], [7.235396296024984, 0.6906200247424362, 3.949989591140875, 0.4227226297417771, 0.9451513881787176], [-0.52869373622638, -3.753264825810215, -0.619458173902781, 0.3537686272259802, -2.277852723176828]]]
Currents degrees of freedom
[1.9949999999999999, 2.028386418798779, 2.0318153684287488, 2.0821629510267408]
loss=1.4357226140056019, maxtime=5e-06, timesteps=50, lengths=[24.11783592 30.3946584  26.0965116  31.65121136]
nfp stellsym order
2 True 4
Degrees of freedom
[[[7.763773580109618, -0.15667660515358853, 3.8250428982634683, 0.2547992756302937, 0.29003178340104796, 0.23451662832426431, -0.272094458075867, -0.14848780661237895, -0.13476221284382847], [3.03237171540805, -0.0019341745838124375, 1.5280996406018732, -0.7309252194632098, -0.06453278915955098, -1.047077237403531, -0.9043830802156568, 0.3025521613581587, 0.16331081927139005], [0.3472991824312046, -3.601843827146192, 0.09185219770038063, -0.3793233142985411, 0.06344985427235933, 0.7089121274594166, -0.13040906414440448, 0.05858493100082194, -0.08258377139416063]], [[2.8069829158524144, 0.27894443462814483, 1.5679952885889723, 0.1969222802706466, -0.261001919944237, -0.5464533489172548, -0.3981730563534498, -0.8068521910289781, -0.17139236125119095], [6.814274559047901, 0.08816788314970764, 3.720191138113487, 0.8796780227416452, -0.8122919613418614, 0.21346008667970018, -1.4793768993621754, 0.8211188482752382, -0.5988364978944984], [0.5079794406928789, -3.7409688085377657, -0.12138602576826092, -0.40253089961139227, 0.04226581653789685, 1.3416578967294597, 0.27288261111400014, 0.5958984798466573, 0.42170629198064125]]]
Currents degrees of freedom
[3.9899999999999998, 4.0211744638447815]
loss=0.18821224150529506, maxtime=5e-06, timesteps=50, lengths=[32.58528553 44.60063462]
nfp stellsym order
2 True 4
Degrees of freedom
[[[7.7637205800321185, -0.1624937564001671, 3.826061949627526, 0.26170786581752953, 0.292567749625444, 0.20626314080691785, -0.28465973970681, -0.1600160163728395, -0.1826208717527614], [3.0323598733139243, 0.007265486406016732, 1.5272792339474646, -0.7365463552930767, -0.01786017455833476, -1.0467029310521094, -0.8984755149915382, 0.28476027533848974, 0.18913933296313876], [0.37306304830973935, -3.6034372694513497, 0.05692590943477354, -0.38366169582766324, 0.08454010801663667, 0.6965113020834024, -0.1516581451333141, 0.06404466640495998, -0.0621409100567076]], [[2.806825971687195, 0.27994200111310225, 1.567999062759622, 0.1959608243793137, -0.26121384113546425, -0.5465286822260593, -0.39862399793967135, -0.8068582302435043, -0.17077076643179262], [6.8142473552275735, 0.0859546124743966, 3.7201723931259694, 0.8792500029796927, -0.812295908003631, 0.2134942308776699, -1.4792491005811688, 0.82119960390766, -0.5989747572595514], [0.5079176619934261, -3.741029051071239, -0.12181726688408193, -0.40271210592361495, 0.041490898256615075, 1.3427193975562386, 0.2729364141854352, 0.5951941925773298, 0.4218623264438569]]]
Currents degrees of freedom
[3.9899999999999998, 4.020521835827737]
loss=0.1500571461160232, maxtime=5e-06, timesteps=50, lengths=[32.63703851 44.60373655]
nfp stellsym order
2 True 4
Degrees of freedom
[[[7.763807661438557, -0.16231323721189536, 3.8254645851406797, 0.2595768187220808, 0.292683833770281, 0.20092633357445738, -0.28081872875465363, -0.15783796426273144, -0.17832881918060706], [3.03143024932178, 0.007127039943180613, 1.5269388660862757, -0.7362471417686399, -0.017828262838563886, -1.0448888522886401, -0.8998774317731326, 0.28389204731682033, 0.18943021819104322], [0.36890773654513, -3.6045423068350884, 0.05704760717409233, -0.3815159349553873, 0.08038013587142458, 0.6971435636876371, -0.14884625923352887, 0.06205921995159718, -0.06026279725901766]], [[2.8066573026995973, 0.2733409912396465, 1.5682838597543565, 0.1874885205584563, -0.2699482008109843, -0.5448889179512953, -0.396358556615094, -0.8053166104494054, -0.16700619357183236], [6.8143674170073725, 0.08693477007208034, 3.7201717964041396, 0.8791189974153863, -0.8117705546060584, 0.21221014928889126, -1.4800034541777236, 0.8225854750383844, -0.5984040441293396], [0.5082169269567831, -3.7411781958554466, -0.12309913397201494, -0.4039717091847588, 0.039933074815219294, 1.3418708278053255, 0.2743821017296842, 0.5946979970492986, 0.42163433477590334]]]
Currents degrees of freedom
[3.9899999999999998, 4.021331517942892]
loss=0.11902449186051262, maxtime=5e-06, timesteps=50, lengths=[32.6108246 44.5970321]
nfp stellsym order
2 True 4
Degrees of freedom
[[[7.763807661438557, -0.16231323721189536, 3.8254645851406797, 0.2595768187220808, 0.292683833770281, 0.20092633357445738, -0.28081872875465363, -0.15783796426273144, -0.17832881918060706], [3.03143024932178, 0.007127039943180613, 1.5269388660862757, -0.7362471417686399, -0.017828262838563886, -1.0448888522886401, -0.8998774317731326, 0.28389204731682033, 0.18943021819104322], [0.36890773654513, -3.6045423068350884, 0.05704760717409233, -0.3815159349553873, 0.08038013587142458, 0.6971435636876371, -0.14884625923352887, 0.06205921995159718, -0.06026279725901766]], [[2.8066573026995973, 0.2733409912396465, 1.5682838597543565, 0.1874885205584563, -0.2699482008109843, -0.5448889179512953, -0.396358556615094, -0.8053166104494054, -0.16700619357183236], [6.8143674170073725, 0.08693477007208034, 3.7201717964041396, 0.8791189974153863, -0.8117705546060584, 0.21221014928889126, -1.4800034541777236, 0.8225854750383844, -0.5984040441293396], [0.5082169269567831, -3.7411781958554466, -0.12309913397201494, -0.4039717091847588, 0.039933074815219294, 1.3418708278053255, 0.2743821017296842, 0.5946979970492986, 0.42163433477590334]]]
Currents degrees of freedom
[3.9899999999999998, 4.021331517942892]
loss=0.11902449186051262, maxtime=5e-06, timesteps=50, lengths=[32.6108246 44.5970321]
nfp stellsym order
2 True 4
Degrees of freedom
[[[7.763788680491479, -0.16230214785879493, 3.8255254284024227, 0.2593896558296942, 0.2927801045463478, 0.20133747302558486, -0.2812795458307528, -0.1582642414995627, -0.17775061355155625], [3.0313723082508877, 0.007063455629449183, 1.5269702686555329, -0.7357281228957573, -0.01764063818969161, -1.0443825915616487, -0.9000475593140315, 0.28386316764187675, 0.189503651550233], [0.3692125959386412, -3.604797711000449, 0.05706476812130885, -0.38175010932075193, 0.0802287904229315, 0.6970424512882244, -0.1488706895756635, 0.062318158344352184, -0.05995344337212309]], [[2.806663640198011, 0.27357272639850627, 1.5684012332069994, 0.186072247833054, -0.27146297060931723, -0.5448661040114673, -0.39607685471178916, -0.804930711048901, -0.1662833284351705], [6.814365625563549, 0.08799501201320985, 3.720180565080093, 0.8793107513239085, -0.811260537278733, 0.21111394539753048, -1.4800485238742793, 0.8232515654701638, -0.5987782146316706], [0.507701720547492, -3.7412016252058966, -0.12204204837346816, -0.4040699281408645, 0.03957761374468751, 1.341988584368165, 0.27373785424297964, 0.5946381751492913, 0.422032197516796]]]
Currents degrees of freedom
[3.9899999999999998, 4.021284827590252]
loss=0.10496058786590504, maxtime=5e-06, timesteps=50, lengths=[32.6096259  44.60196436]
nfp stellsym order
2 True 6
Degrees of freedom
[[[7.877046775229658, -0.1644545451541893, 3.7817780416084052, -0.487945847690196, 0.18939228842102176, 0.48220809309256724, -0.4484773610641714, -0.09729215140927193, -0.08192556698673598, 0.018542247513838716, -0.014479158118403876, -0.03793837122359693, 0.06483335623479926], [3.2023693965880966, -0.06412097020822007, 1.4363112125444175, -0.8353312314365509, -0.05495108139402465, -1.5433468406830424, -0.5145512515738941, 0.10675309305764392, 0.24425219995360165, -0.09992621544274927, -0.002016591746469251, 0.13260365532435722, -0.035621649043911775], [-0.4853747269417348, -3.9038374758591257, -0.2774684772060646, 0.19262566885845087, -0.8954010984189494, 0.65258389245582, -0.23439692645611354, 0.28524215801904035, 0.3552356943030746, -0.028196830554004525, -0.3154666354403244, 0.071673155844629, 0.33308768478859774]], [[2.9869012129645554, -0.123225468509132, 1.277083448183424, -0.3382416498283243, 0.5149207700110482, -0.12650114342797303, -0.8998384952438665, -0.06586574960969, 0.16952584248620892, 0.007306744193607725, -0.023934860849005785, 0.14677400037923682, -0.08120385484425399], [6.775391928875554, -0.14302004009707114, 3.6375224065117626, 0.591361806336417, -0.0032973167312633157, 0.1123245973687233, -1.2376715667608884, 0.05810169733486242, 0.5436662070856554, 0.26647714457316807, -0.09232017265321754, -0.00346527256640804, 0.06130479922204073], [0.7223357267071284, -3.840695805765008, 0.1452650290823091, 0.6024106351048809, 0.3332708710271376, 1.3033629911471483, -0.39227143293152694, -0.5026610180684294, -0.06484877723823011, 0.16375519971549815, 0.3352739564523063, 0.08149386800552208, -0.051911360042824255]]]
Currents degrees of freedom
[3.9899999999999998, 4.268273004886947]
loss=0.7461437609854593, maxtime=5e-06, timesteps=50, lengths=[38.57500795 38.04650436]
nfp stellsym order
2 True 6
Degrees of freedom
[[[6.807653386609753, 0.14243749598079164, 3.5601224435820606, 0.08960401388196682, -0.09087508416565104, 0.0500638704814615, -0.10167822403756452, 0.14248112269270702, 0.03115518288153403, 0.015524586000295578, 0.11324023962598453, 0.15375446262466613, -0.0275761757747045], [2.8879344714243373, 0.04658285858054017, 1.0775344861507032, -0.9478494601771976, -0.87227933070802, -0.15312789440731922, -0.20673866929198847, -0.48059904277892, -0.018095575953055918, -0.32879600838935774, 0.23085279539635029, -0.07807270596428156, 0.0735142243405134], [0.46807401765791995, -4.267739671386032, -0.17597677387761354, 0.50814781757523, -0.21294173321340587, 0.6116547506344464, -0.005241283826067353, -0.05592162567126231, -0.2627386769245105, -0.1409996216767444, 0.17884643218220708, 0.28759562528073573, 0.22870141998408697]], [[2.860530893984566, -0.1296212954880439, 0.6967306181852334, -0.4957534534094378, -0.9106875788012885, -0.13854080290077841, -0.40600387887983713, 0.0280690066854264, -0.21957895280025438, 0.06132820862625409, -0.028338076124646703, 0.1957912477082751, 0.13429728808684108], [5.645901220822153, -0.47741582315160797, 3.879791989832131, -0.04965996366484583, -0.2634526687330567, -0.05954408310062358, -0.20410829391747304, 0.33203680808725167, -0.09913775520677401, 0.4326374441447831, -0.3091680851623574, 0.11424739071372865, -0.3617405820475346], [0.34595479577224986, -4.477563246146611, 0.249894213884569, 0.5298194441045291, 0.03671839955819736, 0.28623434625293703, -0.23186491561582714, -0.11351116576094006, 0.10298261989369396, -0.09196601400641581, 0.35058312179259016, -0.02351147497939555, 0.2956937663639276]]]
Currents degrees of freedom
[3.9899999999999998, 4.009838510615573]
loss=0.4797713022252147, maxtime=5e-06, timesteps=50, lengths=[34.01249339 35.84943271]
nfp stellsym order
2 True 6
Degrees of freedom
[[[6.7518636647384085, 0.09745261501837113, 3.6379846504861675, 0.03121365968048674, -0.05083292430452139, 0.07683158725349307, 0.011787817959226536, 0.24720307130792, 0.04037361710641923, 0.0543141163856552, 0.05736802085676841, 0.1562442387189059, -0.04121443071508006], [2.8234597882860593, -0.018331914927075907, 0.9527848261672602, -1.1240060625994408, -0.8548419515876041, -0.15773258465269635, -0.13810218411989625, -0.4844781459686246, -0.04083895685005444, -0.3800480239656592, 0.20148951385448896, -0.13672423156732244, 0.059425422010151586], [0.5635339893283238, -4.230897100675593, -0.19454131733826574, 0.5191522625818684, -0.2350586929097443, 0.6212718577769237, -0.013082377286754902, -0.051045116622935864, -0.2586322306015745, -0.11290421356429448, 0.16909456516234272, 0.30433218845609755, 0.21081427545676107]], [[2.849802080936326, -0.09888922469564392, 0.7371408663434607, -0.5307391426186254, -0.9262707124669061, -0.16849744448444248, -0.4291859795897743, -0.01718362179560901, -0.22427920851805117, 0.008511079737339151, 0.0012108583146473167, 0.16940648262889452, 0.20526132974190325], [5.700474182639935, -0.4447843069743983, 3.842424607264456, -0.03471811293284288, -0.2856444974761476, -0.06126771755317203, -0.24273012197875463, 0.274817084726704, -0.112219835368804, 0.38844122131662834, -0.2669206601890947, 0.09652007379795902, -0.3170370979728058], [0.34407919817444493, -4.445286373438189, 0.2226453038504004, 0.5801530948787794, -0.0076340833295156785, 0.34781100815052773, -0.2703340066834075, -0.0896248964765375, 0.04502533769024565, -0.09251161565439447, 0.31412824461968075, -0.05248991326945047, 0.2989357090987181]]]
Currents degrees of freedom
[3.9899999999999998, 3.986752618142582]
loss=0.15952078603395117, maxtime=5e-06, timesteps=50, lengths=[34.7300265  35.27217717]
nfp stellsym order
2 True 6
Degrees of freedom
[[[6.7518636647384085, 0.09745261501837113, 3.6379846504861675, 0.03121365968048674, -0.05083292430452139, 0.07683158725349307, 0.011787817959226536, 0.24720307130792, 0.04037361710641923, 0.0543141163856552, 0.05736802085676841, 0.1562442387189059, -0.04121443071508006], [2.8234597882860593, -0.018331914927075907, 0.9527848261672602, -1.1240060625994408, -0.8548419515876041, -0.15773258465269635, -0.13810218411989625, -0.4844781459686246, -0.04083895685005444, -0.3800480239656592, 0.20148951385448896, -0.13672423156732244, 0.059425422010151586], [0.5635339893283238, -4.230897100675593, -0.19454131733826574, 0.5191522625818684, -0.2350586929097443, 0.6212718577769237, -0.013082377286754902, -0.051045116622935864, -0.2586322306015745, -0.11290421356429448, 0.16909456516234272, 0.30433218845609755, 0.21081427545676107]], [[2.849802080936326, -0.09888922469564392, 0.7371408663434607, -0.5307391426186254, -0.9262707124669061, -0.16849744448444248, -0.4291859795897743, -0.01718362179560901, -0.22427920851805117, 0.008511079737339151, 0.0012108583146473167, 0.16940648262889452, 0.20526132974190325], [5.700474182639935, -0.4447843069743983, 3.842424607264456, -0.03471811293284288, -0.2856444974761476, -0.06126771755317203, -0.24273012197875463, 0.274817084726704, -0.112219835368804, 0.38844122131662834, -0.2669206601890947, 0.09652007379795902, -0.3170370979728058], [0.34407919817444493, -4.445286373438189, 0.2226453038504004, 0.5801530948787794, -0.0076340833295156785, 0.34781100815052773, -0.2703340066834075, -0.0896248964765375, 0.04502533769024565, -0.09251161565439447, 0.31412824461968075, -0.05248991326945047, 0.2989357090987181]]]
Currents degrees of freedom
[3.9899999999999998, 3.986752618142582]
loss=0.15952078603395117, maxtime=5e-06, timesteps=50, lengths=[34.7300265  35.27217717]
nfp stellsym order
2 True 6
Degrees of freedom
[[[6.7518636647384085, 0.09745261501837113, 3.6379846504861675, 0.03121365968048674, -0.05083292430452139, 0.07683158725349307, 0.011787817959226536, 0.24720307130792, 0.04037361710641923, 0.0543141163856552, 0.05736802085676841, 0.1562442387189059, -0.04121443071508006], [2.8234597882860593, -0.018331914927075907, 0.9527848261672602, -1.1240060625994408, -0.8548419515876041, -0.15773258465269635, -0.13810218411989625, -0.4844781459686246, -0.04083895685005444, -0.3800480239656592, 0.20148951385448896, -0.13672423156732244, 0.059425422010151586], [0.5635339893283238, -4.230897100675593, -0.19454131733826574, 0.5191522625818684, -0.2350586929097443, 0.6212718577769237, -0.013082377286754902, -0.051045116622935864, -0.2586322306015745, -0.11290421356429448, 0.16909456516234272, 0.30433218845609755, 0.21081427545676107]], [[2.849802080936326, -0.09888922469564392, 0.7371408663434607, -0.5307391426186254, -0.9262707124669061, -0.16849744448444248, -0.4291859795897743, -0.01718362179560901, -0.22427920851805117, 0.008511079737339151, 0.0012108583146473167, 0.16940648262889452, 0.20526132974190325], [5.700474182639935, -0.4447843069743983, 3.842424607264456, -0.03471811293284288, -0.2856444974761476, -0.06126771755317203, -0.24273012197875463, 0.274817084726704, -0.112219835368804, 0.38844122131662834, -0.2669206601890947, 0.09652007379795902, -0.3170370979728058], [0.34407919817444493, -4.445286373438189, 0.2226453038504004, 0.5801530948787794, -0.0076340833295156785, 0.34781100815052773, -0.2703340066834075, -0.0896248964765375, 0.04502533769024565, -0.09251161565439447, 0.31412824461968075, -0.05248991326945047, 0.2989357090987181]]]
Currents degrees of freedom
[3.9899999999999998, 3.986752618142582]
loss=0.15952078603395117, maxtime=5e-06, timesteps=50, lengths=[34.7300265  35.27217717]
