nfp stellsym order
2 True 2
Degrees of freedom
[[[7.952210308586779, 0.0, 3.8005429615625177, 0.0, 0.0], [1.5817929783819171, 0.0, 0.755974997812497, 0.0, 0.0], [0.14828983004147228, -3.875, 0.0, 0.0, 0.0]], [[6.567187982837719, 0.0, 3.221944747672363, 0.0, 0.0], [4.388054721332495, 0.0, 2.1528346529509585, 0.0, 0.0], [0.35800331884812364, -3.875, 0.0, 0.0, 0.0]], [[4.22328389047134, 0.0, 2.152834652950959, 0.0, 0.0], [6.320591007851732, 0.0, 3.221944747672363, 0.0, 0.0], [0.35800331884812364, -3.875, 0.0, 0.0, 0.0]], [[1.4421070128680715, 0.0, 0.7559749978124972, 0.0, 0.0], [7.2499615376632915, 0.0, 3.8005429615625177, 0.0, 0.0], [0.14828983004147234, -3.875, 0.0, 0.0, 0.0]]]
Currents degrees of freedom
[1.9949999999999999, 1.9949999999999999, 1.9949999999999999, 1.9949999999999999]
loss=41.14898728372423, maxtime=7e-06, timesteps=70, lengths=[24.34734307 24.34734307 24.34734307 24.34734307]
nfp stellsym order
2 True 2
Degrees of freedom
[[[7.952210308586779, 0.0, 3.8005429615625177, 0.0, 0.0], [1.5817929783819171, 0.0, 0.755974997812497, 0.0, 0.0], [0.14828983004147228, -3.875, 0.0, 0.0, 0.0]], [[6.567187982837719, 0.0, 3.221944747672363, 0.0, 0.0], [4.388054721332495, 0.0, 2.1528346529509585, 0.0, 0.0], [0.35800331884812364, -3.875, 0.0, 0.0, 0.0]], [[4.22328389047134, 0.0, 2.152834652950959, 0.0, 0.0], [6.320591007851732, 0.0, 3.221944747672363, 0.0, 0.0], [0.35800331884812364, -3.875, 0.0, 0.0, 0.0]], [[1.4421070128680715, 0.0, 0.7559749978124972, 0.0, 0.0], [7.2499615376632915, 0.0, 3.8005429615625177, 0.0, 0.0], [0.14828983004147234, -3.875, 0.0, 0.0, 0.0]]]
Currents degrees of freedom
[1.9949999999999999, 1.9949999999999999, 1.9949999999999999, 1.9949999999999999]
loss=46.69167565917298, maxtime=7e-06, timesteps=70, lengths=[24.34734307 24.34734307 24.34734307 24.34734307]
nfp stellsym order
2 True 2
Degrees of freedom
[[[7.952210308586779, 0.0, 3.8005429615625177, 0.0, 0.0], [1.5817929783819171, 0.0, 0.755974997812497, 0.0, 0.0], [0.14828983004147228, -3.875, 0.0, 0.0, 0.0]], [[6.567187982837719, 0.0, 3.221944747672363, 0.0, 0.0], [4.388054721332495, 0.0, 2.1528346529509585, 0.0, 0.0], [0.35800331884812364, -3.875, 0.0, 0.0, 0.0]], [[4.22328389047134, 0.0, 2.152834652950959, 0.0, 0.0], [6.320591007851732, 0.0, 3.221944747672363, 0.0, 0.0], [0.35800331884812364, -3.875, 0.0, 0.0, 0.0]], [[1.4421070128680715, 0.0, 0.7559749978124972, 0.0, 0.0], [7.2499615376632915, 0.0, 3.8005429615625177, 0.0, 0.0], [0.14828983004147234, -3.875, 0.0, 0.0, 0.0]]]
Currents degrees of freedom
[1.9949999999999999, 1.9949999999999999, 1.9949999999999999, 1.9949999999999999]
loss=52.143233974738436, maxtime=5e-06, timesteps=50, lengths=[24.34734307 24.34734307 24.34734307 24.34734307]
nfp stellsym order
4 True 2
Degrees of freedom
[[[7.869824893156202, 0.0, 3.8005429615625177, 0.0, 0.0], [1.5654055003610643, 0.0, 0.755974997812497, 0.0, 0.0], [0.2740038777097871, -3.875, 0.0, 0.0, 0.0]], [[6.216063597375975, 0.0, 3.221944747672363, 0.0, 0.0], [4.153440907714416, 0.0, 2.1528346529509585, 0.0, 0.0], [0.2740038777097872, -3.875, 0.0, 0.0, 0.0]]]
Currents degrees of freedom
[1.9949999999999999, 1.9949999999999999]
loss=40.61195736448171, maxtime=5e-06, timesteps=50, lengths=[24.34734307 24.34734307]
nfp stellsym order
2 True 6
Degrees of freedom
[[[7.952210308586779, 0.0, 3.8005429615625177, 0.0, 0.0, 0.0, 0.0, 0.0, 0.0, 0.0, 0.0, 0.0, 0.0], [1.5817929783819171, 0.0, 0.755974997812497, 0.0, 0.0, 0.0, 0.0, 0.0, 0.0, 0.0, 0.0, 0.0, 0.0], [0.14828983004147228, -3.875, 0.0, 0.0, 0.0, 0.0, 0.0, 0.0, 0.0, 0.0, 0.0, 0.0, 0.0]], [[6.567187982837719, 0.0, 3.221944747672363, 0.0, 0.0, 0.0, 0.0, 0.0, 0.0, 0.0, 0.0, 0.0, 0.0], [4.388054721332495, 0.0, 2.1528346529509585, 0.0, 0.0, 0.0, 0.0, 0.0, 0.0, 0.0, 0.0, 0.0, 0.0], [0.35800331884812364, -3.875, 0.0, 0.0, 0.0, 0.0, 0.0, 0.0, 0.0, 0.0, 0.0, 0.0, 0.0]], [[4.22328389047134, 0.0, 2.152834652950959, 0.0, 0.0, 0.0, 0.0, 0.0, 0.0, 0.0, 0.0, 0.0, 0.0], [6.320591007851732, 0.0, 3.221944747672363, 0.0, 0.0, 0.0, 0.0, 0.0, 0.0, 0.0, 0.0, 0.0, 0.0], [0.35800331884812364, -3.875, 0.0, 0.0, 0.0, 0.0, 0.0, 0.0, 0.0, 0.0, 0.0, 0.0, 0.0]], [[1.4421070128680715, 0.0, 0.7559749978124972, 0.0, 0.0, 0.0, 0.0, 0.0, 0.0, 0.0, 0.0, 0.0, 0.0], [7.2499615376632915, 0.0, 3.8005429615625177, 0.0, 0.0, 0.0, 0.0, 0.0, 0.0, 0.0, 0.0, 0.0, 0.0], [0.14828983004147234, -3.875, 0.0, 0.0, 0.0, 0.0, 0.0, 0.0, 0.0, 0.0, 0.0, 0.0, 0.0]]]
Currents degrees of freedom
[1.9949999999999999, 1.9949999999999999, 1.9949999999999999, 1.9949999999999999]
loss=52.14323397471786, maxtime=5e-06, timesteps=50, lengths=[24.34734307 24.34734307 24.34734307 24.34734307]
nfp stellsym order
2 True 6
Degrees of freedom
[[[7.41321295140727, 0.0, 3.580033188481236, 0.0, 0.0, 0.0, 0.0, 0.0, 0.0, 0.0, 0.0, 0.0, 0.0], [3.0706533452327713, 0.0, 1.482898300414723, 0.0, 0.0, 0.0, 0.0, 0.0, 0.0, 0.0, 0.0, 0.0, 0.0], [0.2740038777097871, -3.875, 0.0, 0.0, 0.0, 0.0, 0.0, 0.0, 0.0, 0.0, 0.0, 0.0, 0.0]], [[2.860939856426121, 0.0, 1.4828983004147231, 0.0, 0.0, 0.0, 0.0, 0.0, 0.0, 0.0, 0.0, 0.0, 0.0], [6.906919802517675, 0.0, 3.580033188481236, 0.0, 0.0, 0.0, 0.0, 0.0, 0.0, 0.0, 0.0, 0.0, 0.0], [0.2740038777097872, -3.875, 0.0, 0.0, 0.0, 0.0, 0.0, 0.0, 0.0, 0.0, 0.0, 0.0, 0.0]]]
Currents degrees of freedom
[3.9899999999999998, 3.9899999999999998]
loss=5.787377352199032, maxtime=5e-06, timesteps=50, lengths=[24.34734307 24.34734307]
nfp stellsym order
2 True 2
Degrees of freedom
[[[7.41321295140727, 0.0, 3.580033188481236, 0.0, 0.0], [3.0706533452327713, 0.0, 1.482898300414723, 0.0, 0.0], [0.2740038777097871, -3.875, 0.0, 0.0, 0.0]], [[2.860939856426121, 0.0, 1.4828983004147231, 0.0, 0.0], [6.906919802517675, 0.0, 3.580033188481236, 0.0, 0.0], [0.2740038777097872, -3.875, 0.0, 0.0, 0.0]]]
Currents degrees of freedom
[3.9899999999999998, 3.9899999999999998]
loss=5.787377352199508, maxtime=5e-06, timesteps=50, lengths=[24.34734307 24.34734307]
nfp stellsym order
2 True 6
Degrees of freedom
[[[7.952210308586779, 0.0, 3.8005429615625177, 0.0, 0.0, 0.0, 0.0, 0.0, 0.0, 0.0, 0.0, 0.0, 0.0], [1.5817929783819171, 0.0, 0.755974997812497, 0.0, 0.0, 0.0, 0.0, 0.0, 0.0, 0.0, 0.0, 0.0, 0.0], [0.14828983004147228, -3.875, 0.0, 0.0, 0.0, 0.0, 0.0, 0.0, 0.0, 0.0, 0.0, 0.0, 0.0]], [[6.567187982837719, 0.0, 3.221944747672363, 0.0, 0.0, 0.0, 0.0, 0.0, 0.0, 0.0, 0.0, 0.0, 0.0], [4.388054721332495, 0.0, 2.1528346529509585, 0.0, 0.0, 0.0, 0.0, 0.0, 0.0, 0.0, 0.0, 0.0, 0.0], [0.35800331884812364, -3.875, 0.0, 0.0, 0.0, 0.0, 0.0, 0.0, 0.0, 0.0, 0.0, 0.0, 0.0]], [[4.22328389047134, 0.0, 2.152834652950959, 0.0, 0.0, 0.0, 0.0, 0.0, 0.0, 0.0, 0.0, 0.0, 0.0], [6.320591007851732, 0.0, 3.221944747672363, 0.0, 0.0, 0.0, 0.0, 0.0, 0.0, 0.0, 0.0, 0.0, 0.0], [0.35800331884812364, -3.875, 0.0, 0.0, 0.0, 0.0, 0.0, 0.0, 0.0, 0.0, 0.0, 0.0, 0.0]], [[1.4421070128680715, 0.0, 0.7559749978124972, 0.0, 0.0, 0.0, 0.0, 0.0, 0.0, 0.0, 0.0, 0.0, 0.0], [7.2499615376632915, 0.0, 3.8005429615625177, 0.0, 0.0, 0.0, 0.0, 0.0, 0.0, 0.0, 0.0, 0.0, 0.0], [0.14828983004147234, -3.875, 0.0, 0.0, 0.0, 0.0, 0.0, 0.0, 0.0, 0.0, 0.0, 0.0, 0.0]]]
Currents degrees of freedom
[1.9949999999999999, 1.9949999999999999, 1.9949999999999999, 1.9949999999999999]
loss=52.14323397471786, maxtime=5e-06, timesteps=50, lengths=[24.34734307 24.34734307 24.34734307 24.34734307]
nfp stellsym order
2 True 2
Degrees of freedom
[[[7.952210308586779, 0.0, 3.8005429615625177, 0.0, 0.0], [1.5817929783819171, 0.0, 0.755974997812497, 0.0, 0.0], [0.14828983004147228, -3.875, 0.0, 0.0, 0.0]], [[6.567187982837719, 0.0, 3.221944747672363, 0.0, 0.0], [4.388054721332495, 0.0, 2.1528346529509585, 0.0, 0.0], [0.35800331884812364, -3.875, 0.0, 0.0, 0.0]], [[4.22328389047134, 0.0, 2.152834652950959, 0.0, 0.0], [6.320591007851732, 0.0, 3.221944747672363, 0.0, 0.0], [0.35800331884812364, -3.875, 0.0, 0.0, 0.0]], [[1.4421070128680715, 0.0, 0.7559749978124972, 0.0, 0.0], [7.2499615376632915, 0.0, 3.8005429615625177, 0.0, 0.0], [0.14828983004147234, -3.875, 0.0, 0.0, 0.0]]]
Currents degrees of freedom
[1.9949999999999999, 1.9949999999999999, 1.9949999999999999, 1.9949999999999999]
loss=52.143233974738436, maxtime=5e-06, timesteps=50, lengths=[24.34734307 24.34734307 24.34734307 24.34734307]
nfp stellsym order
2 True 4
Degrees of freedom
[[[7.952210308586779, 0.0, 3.8005429615625177, 0.0, 0.0, 0.0, 0.0, 0.0, 0.0], [1.5817929783819171, 0.0, 0.755974997812497, 0.0, 0.0, 0.0, 0.0, 0.0, 0.0], [0.14828983004147228, -3.875, 0.0, 0.0, 0.0, 0.0, 0.0, 0.0, 0.0]], [[6.567187982837719, 0.0, 3.221944747672363, 0.0, 0.0, 0.0, 0.0, 0.0, 0.0], [4.388054721332495, 0.0, 2.1528346529509585, 0.0, 0.0, 0.0, 0.0, 0.0, 0.0], [0.35800331884812364, -3.875, 0.0, 0.0, 0.0, 0.0, 0.0, 0.0, 0.0]], [[4.22328389047134, 0.0, 2.152834652950959, 0.0, 0.0, 0.0, 0.0, 0.0, 0.0], [6.320591007851732, 0.0, 3.221944747672363, 0.0, 0.0, 0.0, 0.0, 0.0, 0.0], [0.35800331884812364, -3.875, 0.0, 0.0, 0.0, 0.0, 0.0, 0.0, 0.0]], [[1.4421070128680715, 0.0, 0.7559749978124972, 0.0, 0.0, 0.0, 0.0, 0.0, 0.0], [7.2499615376632915, 0.0, 3.8005429615625177, 0.0, 0.0, 0.0, 0.0, 0.0, 0.0], [0.14828983004147234, -3.875, 0.0, 0.0, 0.0, 0.0, 0.0, 0.0, 0.0]]]
Currents degrees of freedom
[1.9949999999999999, 1.9949999999999999, 1.9949999999999999, 1.9949999999999999]
loss=52.143233974738436, maxtime=5e-06, timesteps=50, lengths=[24.34734307 24.34734307 24.34734307 24.34734307]
nfp stellsym order
2 True 4
Degrees of freedom
[[[7.41321295140727, 0.0, 3.580033188481236, 0.0, 0.0, 0.0, 0.0, 0.0, 0.0], [3.0706533452327713, 0.0, 1.482898300414723, 0.0, 0.0, 0.0, 0.0, 0.0, 0.0], [0.2740038777097871, -3.875, 0.0, 0.0, 0.0, 0.0, 0.0, 0.0, 0.0]], [[2.860939856426121, 0.0, 1.4828983004147231, 0.0, 0.0, 0.0, 0.0, 0.0, 0.0], [6.906919802517675, 0.0, 3.580033188481236, 0.0, 0.0, 0.0, 0.0, 0.0, 0.0], [0.2740038777097872, -3.875, 0.0, 0.0, 0.0, 0.0, 0.0, 0.0, 0.0]]]
Currents degrees of freedom
[3.9899999999999998, 3.9899999999999998]
loss=5.787377352200934, maxtime=5e-06, timesteps=50, lengths=[24.34734307 24.34734307]
nfp stellsym order
2 True 6
Degrees of freedom
[[[7.41321295140727, 0.0, 3.580033188481236, 0.0, 0.0, 0.0, 0.0, 0.0, 0.0, 0.0, 0.0, 0.0, 0.0], [3.0706533452327713, 0.0, 1.482898300414723, 0.0, 0.0, 0.0, 0.0, 0.0, 0.0, 0.0, 0.0, 0.0, 0.0], [0.2740038777097871, -3.875, 0.0, 0.0, 0.0, 0.0, 0.0, 0.0, 0.0, 0.0, 0.0, 0.0, 0.0]], [[2.860939856426121, 0.0, 1.4828983004147231, 0.0, 0.0, 0.0, 0.0, 0.0, 0.0, 0.0, 0.0, 0.0, 0.0], [6.906919802517675, 0.0, 3.580033188481236, 0.0, 0.0, 0.0, 0.0, 0.0, 0.0, 0.0, 0.0, 0.0, 0.0], [0.2740038777097872, -3.875, 0.0, 0.0, 0.0, 0.0, 0.0, 0.0, 0.0, 0.0, 0.0, 0.0, 0.0]]]
Currents degrees of freedom
[3.9899999999999998, 3.9899999999999998]
loss=5.842156538061516, maxtime=5e-06, timesteps=50, lengths=[24.34734307 24.34734307]
nfp stellsym order
2 True 6
Degrees of freedom
[[[7.41321295140727, 0.0, 3.580033188481236, 0.0, 0.0, 0.0, 0.0, 0.0, 0.0, 0.0, 0.0, 0.0, 0.0], [3.0706533452327713, 0.0, 1.482898300414723, 0.0, 0.0, 0.0, 0.0, 0.0, 0.0, 0.0, 0.0, 0.0, 0.0], [0.2740038777097871, -3.875, 0.0, 0.0, 0.0, 0.0, 0.0, 0.0, 0.0, 0.0, 0.0, 0.0, 0.0]], [[2.860939856426121, 0.0, 1.4828983004147231, 0.0, 0.0, 0.0, 0.0, 0.0, 0.0, 0.0, 0.0, 0.0, 0.0], [6.906919802517675, 0.0, 3.580033188481236, 0.0, 0.0, 0.0, 0.0, 0.0, 0.0, 0.0, 0.0, 0.0, 0.0], [0.2740038777097872, -3.875, 0.0, 0.0, 0.0, 0.0, 0.0, 0.0, 0.0, 0.0, 0.0, 0.0, 0.0]]]
Currents degrees of freedom
[3.9899999999999998, 3.9899999999999998]
loss=5.842156538061516, maxtime=5e-06, timesteps=50, lengths=[24.34734307 24.34734307]
