nfp stellsym order
3 True 2
Degrees of freedom
[[[8.393578777300513, 0.0, 3.841848837823515, 0.0, 0.0], [1.105035609728173, 0.0, 0.5057889948526999, 0.0, 0.0], [0.29657966008294456, -3.875, 0.0, 0.0, 0.0]], [[7.4340702546722595, 0.0, 3.580033188481236, 0.0, 0.0], [3.0792927231196585, 0.0, 1.482898300414723, 0.0, 0.0], [0.7160066376962473, -3.875, 0.0, 0.0, 0.0]], [[5.91319592326783, 0.0, 3.074244193628536, 0.0, 0.0], [4.537354817130571, 0.0, 2.3589505374087927, 0.0, 0.0], [0.7160066376962473, -3.875, 0.0, 0.0, 0.0]], [[4.282023850873888, 0.0, 2.358950537408793, 0.0, 0.0], [5.580442129570058, 0.0, 3.0742441936285356, 0.0, 0.0], [0.29657966008294434, -3.875, 0.0, 0.0, 0.0]]]
Currents degrees of freedom
[1.3299999999999998, 1.3299999999999998, 1.3299999999999998, 1.3299999999999998]
loss=13.365235906004179, maxtime=5.5e-05, timesteps=550, lengths=[24.34734307 24.34734307 24.34734307 24.34734307]
nfp stellsym order
3 True 2
Degrees of freedom
[[[8.393578777300513, 0.0, 3.841848837823515, 0.0, 0.0], [1.105035609728173, 0.0, 0.5057889948526999, 0.0, 0.0], [0.29657966008294456, -3.875, 0.0, 0.0, 0.0]], [[7.4340702546722595, 0.0, 3.580033188481236, 0.0, 0.0], [3.0792927231196585, 0.0, 1.482898300414723, 0.0, 0.0], [0.7160066376962473, -3.875, 0.0, 0.0, 0.0]], [[5.91319592326783, 0.0, 3.074244193628536, 0.0, 0.0], [4.537354817130571, 0.0, 2.3589505374087927, 0.0, 0.0], [0.7160066376962473, -3.875, 0.0, 0.0, 0.0]], [[4.282023850873888, 0.0, 2.358950537408793, 0.0, 0.0], [5.580442129570058, 0.0, 3.0742441936285356, 0.0, 0.0], [0.29657966008294434, -3.875, 0.0, 0.0, 0.0]]]
Currents degrees of freedom
[1.3299999999999998, 1.3299999999999998, 1.3299999999999998, 1.3299999999999998]
loss=13.36523590577426, maxtime=5.5e-05, timesteps=550, lengths=[24.34734307 24.34734307 24.34734307 24.34734307]
nfp stellsym order
3 True 2
Degrees of freedom
[[[8.393578777300513, 0.0, 3.841848837823515, 0.0, 0.0], [1.105035609728173, 0.0, 0.5057889948526999, 0.0, 0.0], [0.29657966008294456, -3.875, 0.0, 0.0, 0.0]], [[7.4340702546722595, 0.0, 3.580033188481236, 0.0, 0.0], [3.0792927231196585, 0.0, 1.482898300414723, 0.0, 0.0], [0.7160066376962473, -3.875, 0.0, 0.0, 0.0]], [[5.91319592326783, 0.0, 3.074244193628536, 0.0, 0.0], [4.537354817130571, 0.0, 2.3589505374087927, 0.0, 0.0], [0.7160066376962473, -3.875, 0.0, 0.0, 0.0]], [[4.282023850873888, 0.0, 2.358950537408793, 0.0, 0.0], [5.580442129570058, 0.0, 3.0742441936285356, 0.0, 0.0], [0.29657966008294434, -3.875, 0.0, 0.0, 0.0]]]
Currents degrees of freedom
[1.3299999999999998, 1.3299999999999998, 1.3299999999999998, 1.3299999999999998]
loss=16.854150003057846, maxtime=5.5e-05, timesteps=550, lengths=[24.34734307 24.34734307 24.34734307 24.34734307]
