nfp stellsym order
2 True 2
Degrees of freedom
[[[7.41321295140727, 0.0, 3.580033188481236, 0.0, 0.0], [3.0706533452327713, 0.0, 1.482898300414723, 0.0, 0.0], [0.2740038777097871, -3.875, 0.0, 0.0, 0.0]], [[2.860939856426121, 0.0, 1.4828983004147231, 0.0, 0.0], [6.906919802517675, 0.0, 3.580033188481236, 0.0, 0.0], [0.2740038777097872, -3.875, 0.0, 0.0, 0.0]]]
Currents degrees of freedom
[3.9899999999999998, 3.9899999999999998]
loss=5.985672921777972, maxtime=5e-06, timesteps=50, lengths=[24.34734307 24.34734307]
nfp stellsym order
2 True 2
Degrees of freedom
[[[7.41321295140727, 0.0, 3.580033188481236, 0.0, 0.0], [3.0706533452327713, 0.0, 1.482898300414723, 0.0, 0.0], [0.2740038777097871, -3.875, 0.0, 0.0, 0.0]], [[2.860939856426121, 0.0, 1.4828983004147231, 0.0, 0.0], [6.906919802517675, 0.0, 3.580033188481236, 0.0, 0.0], [0.2740038777097872, -3.875, 0.0, 0.0, 0.0]]]
Currents degrees of freedom
[3.9899999999999998, 3.9899999999999998]
loss=12.655202695718291, maxtime=5e-06, timesteps=50, lengths=[24.34734307 24.34734307]
nfp stellsym order
2 True 2
Degrees of freedom
[[[7.41321295140727, 0.0, 3.580033188481236, 0.0, 0.0], [3.0706533452327713, 0.0, 1.482898300414723, 0.0, 0.0], [0.2740038777097871, -3.875, 0.0, 0.0, 0.0]], [[2.860939856426121, 0.0, 1.4828983004147231, 0.0, 0.0], [6.906919802517675, 0.0, 3.580033188481236, 0.0, 0.0], [0.2740038777097872, -3.875, 0.0, 0.0, 0.0]]]
Currents degrees of freedom
[3.9899999999999998, 3.9899999999999998]
loss=12.456907126140088, maxtime=5e-06, timesteps=50, lengths=[24.34734307 24.34734307]
nfp stellsym order
2 True 2
Degrees of freedom
[[[7.41321295140727, 0.0, 3.580033188481236, 0.0, 0.0], [3.0706533452327713, 0.0, 1.482898300414723, 0.0, 0.0], [0.2740038777097871, -3.875, 0.0, 0.0, 0.0]], [[2.860939856426121, 0.0, 1.4828983004147231, 0.0, 0.0], [6.906919802517675, 0.0, 3.580033188481236, 0.0, 0.0], [0.2740038777097872, -3.875, 0.0, 0.0, 0.0]]]
Currents degrees of freedom
[3.9899999999999998, 3.9899999999999998]
loss=1.511093524933686, maxtime=5e-06, timesteps=50, lengths=[24.34734307 24.34734307]
nfp stellsym order
2 True 2
Degrees of freedom
[[[7.160066376962472, 0.0, 3.580033188481236, 0.0, 0.0], [2.965796600829446, 0.0, 1.482898300414723, 0.0, 0.0], [0.0, -3.875, 0.0, 0.0, 0.0]], [[2.9657966008294463, 0.0, 1.4828983004147231, 0.0, 0.0], [7.160066376962472, 0.0, 3.580033188481236, 0.0, 0.0], [0.0, -3.875, 0.0, 0.0, 0.0]]]
Currents degrees of freedom
[3.9899999999999998, 3.9899999999999998]
loss=12290.862642412474, maxtime=5e-06, timesteps=50, lengths=[24.34734307 24.34734307]
nfp stellsym order
2 True 2
Degrees of freedom
[[[7.160066376962472, 0.0, 3.580033188481236, 0.0, 0.0], [2.965796600829446, 0.0, 1.482898300414723, 0.0, 0.0], [0.0, -3.875, 0.0, 0.0, 0.0]], [[2.9657966008294463, 0.0, 1.4828983004147231, 0.0, 0.0], [7.160066376962472, 0.0, 3.580033188481236, 0.0, 0.0], [0.0, -3.875, 0.0, 0.0, 0.0]]]
Currents degrees of freedom
[3.9899999999999998, 3.9899999999999998]
loss=4073.262661255047, maxtime=5e-06, timesteps=50, lengths=[24.34734307 24.34734307]
nfp stellsym order
2 True 2
Degrees of freedom
[[[7.160066376962472, 0.0, 3.580033188481236, 0.0, 0.0], [2.965796600829446, 0.0, 1.482898300414723, 0.0, 0.0], [0.0, -3.875, 0.0, 0.0, 0.0]], [[2.9657966008294463, 0.0, 1.4828983004147231, 0.0, 0.0], [7.160066376962472, 0.0, 3.580033188481236, 0.0, 0.0], [0.0, -3.875, 0.0, 0.0, 0.0]]]
Currents degrees of freedom
[3.9899999999999998, 3.9899999999999998]
loss=4079.4771048436555, maxtime=5e-06, timesteps=50, lengths=[24.34734307 24.34734307]
